153 202
228
64 13 82 43
9 48 27 78
106 198 132 184
50 81 72 67
114 130 132 139
22 21 38 12
79 169 88 184
48 115 57 130
73 67 88 58
34 90 49 81
8 29 23 21
83 156 91 141
60 125 50 112
132 183 146 175
106 85 98 71
142 146 150 160
58 132 66 146
139 141 131 127
97 200 89 186
87 134 73 142
121 111 113 97
39 99 47 113
78 167 70 153
55 2 41 10
113 119 99 127
56 82 49 96
73 47 66 61
107 108 100 122
50 13 64 20
90 57 97 70
130 126 123 113
113 131 99 135
141 151 133 140
54 70 65 62
92 137 104 131
97 79 85 73
94 184 106 190
21 61 15 49
59 79 71 73
39 72 27 66
105 89 108 102
83 161 86 174
32 58 45 61
121 181 131 173
57 55 46 61
139 175 142 163
110 143 99 148
128 148 117 143
63 38 58 27
50 71 38 71
107 182 119 182
57 1 63 11
2 36 8 46
89 55 83 45
24 48 31 57
74 121 64 116
98 105 93 115
98 128 88 133
112 96 107 86
46 21 56 26
92 87 82 82
67 63 72 53
76 122 87 120
49 97 49 108
133 168 133 157
61 126 71 130
63 20 70 28
96 153 93 163
33 89 28 80
46 73 56 71
16 31 14 41
49 13 39 11
79 131 89 129
61 50 63 40
60 111 58 101
71 31 73 41
98 80 104 88
99 122 91 128
85 146 91 138
87 175 93 183
36 22 28 28
59 97 63 88
74 82 65 86
91 142 98 136
23 45 23 36
94 90 98 98
98 175 94 167
117 191 109 191
82 72 74 72
107 99 107 107
99 176 105 181
83 154 85 147
128 149 132 155
17 29 21 23
141 153 142 160
113 130 106 130
1 33 7 30
38 98 35 92
24 35 27 29
114 118 120 115
15 48 14 42
113 132 119 133
73 42 72 48
78 131 72 130
81 82 75 82
39 21 45 21
87 119 92 116
152 172 147 174
105 199 100 201
67 145 72 143
69 152 67 147
135 180 138 176
66 64 62 67
22 62 26 65
111 143 116 143
98 99 98 104
132 169 130 173
127 135 123 133
131 184 127 186
84 156 83 160
44 13 40 13
99 149 97 152
60 51 58 54
63 115 61 112
56 83 58 80
56 122 54 119
140 142 141 145
41 72 44 73
151 161 152 164
59 69 57 70
73 50 72 52
59 98 58 100
64 64 64 62
119 190 117 190
72 73 74 73
50 70 52 70
108 103 108 105
50 110 50 108
94 166 94 164
93 89 92 88
136 143 137 144
64 88 65 87
76 121 75 121
82 73 83 73
106 181 107 181
84 160 84 159
36 70 37 70
37 22 38 22
24 47 24 46
109 190 108 190
84 164 84 163
132 156 132 157
142 168 142 168
142 168 142 168
142 168 142 168
142 168 142 168
142 168 142 168
142 168 142 168
142 168 142 168
142 168 142 168
142 168 142 168
142 168 142 168
142 168 142 168
142 168 142 168
142 168 142 168
142 168 142 168
142 168 142 168
142 168 142 168
142 168 142 168
142 168 142 168
142 168 142 168
142 168 142 168
142 168 142 168
142 168 142 168
142 168 142 168
142 168 142 168
142 168 142 168
142 168 142 168
142 168 142 168
142 168 142 168
142 168 142 168
142 168 142 168
125 187 125 187
131 139 131 139
48 114 48 114
73 131 73 131
128 177 128 177
105 131 105 131
64 75 64 75
139 149 139 149
56 55 56 55
9 47 9 47
23 62 23 62
29 16 29 16
133 183 133 183
51 14 51 14
31 15 31 15
142 168 142 168
60 92 60 92
135 141 135 141
64 128 64 128
142 168 142 168
51 22 51 22
54 58 54 58
70 56 70 56
142 168 142 168
101 119 101 119
142 155 142 155
43 72 43 72
29 26 29 26
54 69 54 69
93 114 93 114
65 116 65 116
142 168 142 168
123 188 123 188
99 188 99 188
37 12 37 12
142 168 142 168
35 13 35 13
46 12 46 12
103 145 103 145
142 168 142 168
121 132 121 132
62 65 62 65
51 112 51 112
93 88 93 88
99 177 99 177
106 113 106 113
