202 137
263
191 97 136 110
82 123 135 110
180 65 136 75
80 123 40 133
80 88 107 82
193 25 187 50
69 90 45 95
72 69 77 91
6 54 11 76
44 95 23 100
114 80 135 75
70 64 65 44
27 44 47 40
129 51 129 31
181 65 200 60
78 22 94 14
19 128 14 111
106 14 89 18
2 55 5 72
3 49 20 46
199 68 195 84
13 104 9 88
195 43 201 58
139 69 134 54
142 8 156 1
122 21 108 14
44 28 58 35
28 28 14 35
167 1 181 8
174 45 159 45
116 57 102 60
50 90 61 81
64 40 64 54
29 75 16 71
142 56 154 62
30 92 18 86
173 2 185 8
145 38 157 44
85 40 97 46
105 46 117 40
92 59 80 53
49 55 37 61
150 7 162 1
72 39 78 51
34 29 47 32
166 32 179 29
6 73 8 86
180 43 190 35
45 73 56 67
142 35 136 24
92 77 81 71
39 133 27 136
141 73 139 85
123 69 128 58
44 92 32 92
135 46 135 34
191 96 194 85
113 76 122 69
126 49 117 56
180 28 185 18
6 48 11 38
188 11 193 21
77 24 72 34
19 35 14 45
182 57 172 62
49 34 54 44
116 21 106 16
147 17 152 27
48 40 58 37
33 29 23 32
155 29 165 32
73 55 76 65
78 106 78 96
79 117 79 107
65 63 65 53
59 64 63 55
50 54 54 45
63 45 59 36
137 18 141 9
136 47 141 55
9 64 16 70
40 75 31 75
32 27 41 27
120 26 120 35
36 61 27 61
82 26 82 35
14 48 18 56
93 59 101 60
137 101 136 109
73 52 72 44
128 30 124 23
138 97 138 89
66 62 66 70
12 77 15 84
19 129 22 136
65 73 62 80
185 16 182 9
15 102 22 100
88 19 83 24
136 33 136 26
104 78 97 78
130 42 130 35
168 2 161 2
20 57 26 60
150 8 147 14
186 50 183 56
128 43 125 49
76 88 70 90
192 36 194 42
106 77 112 76
96 14 102 13
158 63 164 64
98 46 104 46
14 110 12 105
179 43 174 44
72 35 73 40
116 40 119 36
137 19 137 24
128 52 128 57
119 26 117 22
78 50 81 53
55 67 58 64
19 36 22 33
201 62 200 66
133 53 132 49
49 90 45 91
21 45 25 45
80 122 80 118
1 50 1 54
170 63 166 63
79 69 77 66
13 36 11 39
142 34 144 37
84 39 83 36
32 28 29 28
163 1 166 1
77 95 77 92
109 81 112 81
71 68 71 65
6 50 6 53
40 74 43 74
152 26 154 28
9 63 11 65
188 36 190 34
63 38 62 40
105 16 103 15
83 26 84 24
121 21 123 22
157 63 155 62
43 28 41 28
193 24 193 22
96 77 94 77
137 100 137 98
139 86 139 88
140 70 140 72
57 35 58 36
187 10 186 9
17 85 16 84
187 9 186 10
47 33 48 34
123 51 124 50
179 28 180 27
142 9 143 8
78 23 79 22
147 15 147 16
170 1 171 1
72 42 72 43
158 1 157 1
73 53 73 54
73 33 73 34
80 69 80 70
158 44 159 44
8 61 8 61
8 61 8 61
8 61 8 61
8 61 8 61
8 61 8 61
8 61 8 61
8 61 8 61
8 61 8 61
8 61 8 61
8 61 8 61
8 61 8 61
8 61 8 61
8 61 8 61
8 61 8 61
8 61 8 61
8 61 8 61
8 61 8 61
8 61 8 61
8 61 8 61
8 61 8 61
8 61 8 61
8 61 8 61
8 61 8 61
8 61 8 61
8 61 8 61
8 61 8 61
8 61 8 61
8 61 8 61
8 61 8 61
8 61 8 61
8 61 8 61
8 61 8 61
8 61 8 61
8 61 8 61
8 61 8 61
8 61 8 61
151 7 151 7
101 14 101 14
184 15 184 15
109 15 109 15
14 46 14 46
8 61 8 61
88 43 88 43
87 16 87 16
137 50 137 50
8 61 8 61
91 18 91 18
85 17 85 17
53 46 53 46
8 61 8 61
20 34 20 34
148 22 148 22
115 16 115 16
117 17 117 17
95 14 95 14
85 39 85 39
91 58 91 58
8 61 8 61
92 45 92 45
53 31 53 31
44 59 44 59
8 61 8 61
114 43 114 43
183 25 183 25
7 47 7 47
8 61 8 61
45 32 45 32
51 30 51 30
96 60 96 60
110 45 110 45
90 44 90 44
111 59 111 59
27 74 27 74
8 61 8 61
113 80 113 80
127 26 127 26
149 24 149 24
8 61 8 61
13 69 13 69
132 21 132 21
15 52 15 52
8 61 8 61
7 63 7 63
8 61 8 61
8 61 8 61
8 61 8 61
8 61 8 61
8 61 8 61
8 61 8 61
8 61 8 61
8 61 8 61
