192 173
250
52 78 99 40
102 38 148 1
3 122 39 166
16 108 50 80
45 168 79 140
100 123 121 105
149 90 170 72
68 158 89 140
62 90 80 111
81 112 94 129
108 124 124 110
162 71 178 57
124 103 140 89
51 172 67 159
169 58 178 40
135 101 143 85
1 120 15 109
172 23 159 13
80 139 93 129
20 102 33 92
170 27 163 13
127 71 120 57
149 82 161 72
103 40 113 52
15 128 15 113
174 26 184 37
127 67 137 78
152 1 162 12
78 97 91 104
120 95 127 82
184 58 191 45
123 22 120 36
75 122 72 108
96 134 107 125
16 131 25 142
58 150 69 141
138 7 127 15
83 87 95 93
126 59 120 47
119 100 125 88
116 103 104 109
23 121 29 133
23 116 29 104
106 103 118 97
95 54 83 60
75 94 69 82
64 97 52 91
29 146 42 149
86 107 99 110
47 152 34 149
138 99 148 91
171 71 181 63
158 48 168 40
163 8 173 16
127 50 137 58
152 61 164 58
71 133 74 121
131 32 134 20
113 87 118 76
41 98 30 103
113 51 121 60
69 68 69 80
125 109 134 102
179 56 188 49
54 80 61 89
75 57 84 50
63 114 58 104
83 61 78 71
136 17 146 12
63 122 58 132
62 143 52 148
138 44 148 49
173 17 178 27
104 104 93 104
158 67 167 61
116 65 118 75
121 34 123 44
53 100 43 98
107 91 97 93
99 47 109 49
64 141 70 133
40 90 50 90
72 94 78 102
71 106 65 98
142 68 133 65
73 135 75 126
149 11 158 13
34 136 43 138
169 39 171 30
78 77 82 85
48 172 40 168
136 42 132 34
111 59 103 55
44 138 52 136
127 80 127 72
185 38 190 44
165 57 171 53
119 56 114 51
98 47 91 48
142 60 149 61
146 5 153 5
156 49 149 49
142 84 138 79
50 148 44 149
63 115 63 121
94 130 94 136
147 6 141 6
85 106 80 103
127 60 131 64
179 33 179 38
14 118 14 123
112 87 108 90
101 54 96 54
68 78 68 73
126 49 124 45
16 111 18 107
57 133 53 135
72 61 75 58
112 60 115 63
32 135 29 132
183 60 180 63
125 18 128 15
22 101 19 104
144 86 147 83
52 151 56 150
144 68 148 69
119 40 119 44
78 76 78 72
150 68 154 68
99 124 96 126
70 140 72 137
93 137 90 139
29 145 26 143
57 103 54 101
71 65 70 68
70 87 71 90
41 91 38 91
103 109 100 109
142 59 139 59
23 117 23 120
135 19 137 17
160 7 158 6
179 30 178 28
89 49 87 49
152 6 154 6
50 152 48 152
51 91 49 91
118 101 117 102
119 55 118 54
172 24 173 25
71 92 72 93
168 59 167 60
147 12 148 11
69 102 68 101
76 95 77 96
64 98 65 99
163 46 164 45
84 87 83 86
170 28 170 29
178 38 178 39
156 48 157 48
75 124 75 125
64 117 64 118
94 47 93 47
16 129 16 128
157 67 156 67
122 104 123 104
120 37 120 38
105 103 105 103
105 103 105 103
105 103 105 103
105 103 105 103
105 103 105 103
105 103 105 103
105 103 105 103
105 103 105 103
105 103 105 103
105 103 105 103
105 103 105 103
105 103 105 103
105 103 105 103
105 103 105 103
105 103 105 103
105 103 105 103
105 103 105 103
105 103 105 103
105 103 105 103
105 103 105 103
105 103 105 103
105 103 105 103
105 103 105 103
105 103 105 103
105 103 105 103
105 103 105 103
105 103 105 103
105 103 105 103
105 103 105 103
105 103 105 103
105 103 105 103
105 103 105 103
105 103 105 103
105 103 105 103
105 103 105 103
105 103 105 103
79 102 79 102
33 135 33 135
70 83 70 83
30 147 30 147
52 79 52 79
127 49 127 49
124 62 124 62
126 82 126 82
79 97 79 97
105 103 105 103
137 43 137 43
134 21 134 21
28 95 28 95
105 103 105 103
128 62 128 62
117 97 117 97
85 102 85 102
105 103 105 103
167 18 167 18
102 55 102 55
33 148 33 148
94 92 94 92
172 16 172 16
102 48 102 48
170 53 170 53
105 103 105 103
166 43 166 43
134 9 134 9
139 7 139 7
105 103 105 103
24 115 24 115
80 64 80 64
69 85 69 85
105 103 105 103
120 94 120 94
191 47 191 47
24 122 24 122
113 101 113 101
83 101 83 101
120 45 120 45
177 45 177 45
105 103 105 103
18 133 18 133
33 93 33 93
57 132 57 132
123 60 123 60
