196 141
252
1 48 9 82
76 117 76 91
71 22 87 10
13 121 17 140
136 64 127 47
8 31 23 19
107 40 88 40
70 31 86 39
43 49 59 41
125 31 109 39
170 3 184 14
110 11 124 22
9 103 13 120
63 44 69 60
132 14 145 3
136 93 136 76
135 94 135 111
152 31 169 31
6 42 21 49
124 39 124 55
185 40 194 52
90 27 105 27
185 24 172 30
135 24 148 30
116 124 130 122
52 135 66 133
158 116 172 114
94 128 108 126
29 139 43 137
71 40 71 54
75 76 75 90
91 9 105 9
130 30 130 44
120 60 108 66
146 56 134 50
59 69 47 75
51 30 39 36
87 66 75 60
173 16 160 19
19 34 32 37
131 29 131 16
25 50 38 50
151 1 164 1
77 118 77 131
8 55 10 67
180 51 169 56
142 13 153 18
104 67 92 67
70 61 74 72
49 21 59 27
137 75 137 64
47 19 37 17
142 119 132 121
24 19 34 17
83 130 93 128
39 77 29 77
62 31 60 40
192 83 191 92
48 78 57 77
4 70 5 79
112 68 121 67
150 62 159 61
182 57 191 56
184 28 183 37
82 73 91 72
60 76 69 75
194 70 193 79
23 82 32 81
7 89 8 98
169 59 178 58
146 118 155 117
100 70 109 69
106 26 114 22
89 26 81 22
22 75 14 71
64 60 60 68
6 34 8 42
72 22 70 30
139 64 147 63
64 57 63 49
20 83 12 84
124 66 132 65
3 67 2 59
36 80 44 79
158 58 166 57
190 97 189 105
184 112 176 113
125 24 124 31
69 132 76 131
62 36 63 43
182 41 182 48
134 112 134 119
7 44 7 51
185 23 185 16
17 33 14 27
194 69 195 63
166 60 160 61
6 86 5 80
149 57 155 57
70 33 70 39
71 27 73 32
189 106 187 111
150 2 145 4
74 59 72 54
177 10 175 15
133 49 131 44
154 18 159 19
125 38 125 33
45 136 50 136
98 71 93 71
37 49 42 49
22 140 27 140
132 15 132 20
40 76 45 76
80 21 79 17
115 21 116 17
169 3 165 2
110 125 114 125
28 76 24 76
34 36 38 36
52 24 52 28
141 11 141 7
182 13 184 16
135 23 133 20
13 70 11 67
123 56 121 59
195 54 192 56
90 10 87 11
82 130 79 131
8 99 9 102
183 24 184 21
191 93 190 96
60 28 61 31
91 66 88 66
74 74 71 74
105 10 108 10
77 74 80 74
22 49 25 49
152 30 149 30
136 9 134 11
122 19 124 21
145 118 143 119
179 58 181 57
175 113 173 114
193 80 192 82
133 65 135 64
45 79 47 78
180 50 181 48
50 21 48 20
33 81 35 80
183 38 185 39
63 57 64 59
20 20 22 20
177 9 179 9
8 54 8 52
7 32 7 34
6 41 6 39
105 66 107 66
106 39 108 39
171 30 169 30
156 117 157 116
50 30 51 29
113 14 112 13
168 56 167 57
167 60 168 59
148 63 149 62
58 41 59 40
6 87 7 88
173 4 174 5
67 133 68 132
123 66 122 67
4 69 3 68
185 112 186 111
22 82 21 83
18 33 17 32
81 15 80 16
123 31 122 32
8 41 9 42
17 22 16 23
59 76 58 77
110 69 111 68
142 11 142 12
183 40 183 39
35 17 36 17
88 39 87 39
15 27 15 26
33 37 34 37
131 40 131 41
156 58 157 58
9 86 10 86
124 24 124 23
184 26 184 27
70 24 70 25
125 29 125 30
63 47 63 48
147 56 148 56
116 37 116 37
116 37 116 37
116 37 116 37
116 37 116 37
116 37 116 37
116 37 116 37
116 37 116 37
116 37 116 37
116 37 116 37
116 37 116 37
116 37 116 37
116 37 116 37
116 37 116 37
116 37 116 37
116 37 116 37
116 37 116 37
116 37 116 37
116 37 116 37
116 37 116 37
116 37 116 37
116 37 116 37
116 37 116 37
116 37 116 37
116 37 116 37
174 15 174 15
71 30 71 30
76 60 76 60
92 72 92 72
79 37 79 37
116 20 116 20
29 36 29 36
58 69 58 69
60 67 60 67
116 37 116 37
74 76 74 76
115 16 115 16
73 21 73 21
116 37 116 37
105 26 105 26
54 73 54 73
173 29 173 29
116 37 116 37
118 36 118 36
14 47 14 47
141 28 141 28
52 46 52 46
54 45 54 45
114 38 114 38
81 73 81 73
116 37 116 37
11 69 11 69
169 18 169 18
77 36 77 36
116 37 116 37
50 47 50 47
81 38 81 38
