195 156
223
169 155 188 117
173 97 142 89
112 81 141 88
17 55 45 62
72 69 46 63
112 123 112 97
186 80 175 100
124 141 104 136
151 27 133 36
106 71 87 71
128 56 128 74
186 52 170 60
15 13 29 2
132 144 149 149
49 118 32 113
85 130 102 135
56 76 56 93
57 94 57 111
50 29 65 22
84 73 100 77
83 16 70 26
70 30 67 46
33 56 49 56
124 43 124 27
123 44 123 60
84 130 69 125
16 108 31 113
62 8 48 1
28 29 14 22
133 52 147 59
187 79 194 65
46 30 31 30
70 59 70 44
67 28 67 13
111 29 97 32
11 40 1 50
129 41 129 55
167 47 153 47
123 67 115 78
68 50 59 60
108 70 120 64
133 80 145 86
52 55 64 49
84 43 72 37
110 43 122 37
161 88 174 85
39 18 26 15
3 51 16 54
98 13 111 16
122 24 111 17
111 124 111 137
113 83 113 96
167 61 154 61
162 153 150 149
71 26 68 38
19 50 30 55
103 45 91 45
85 70 75 65
141 41 151 46
46 17 56 12
176 33 166 28
90 31 80 26
163 27 152 27
83 72 73 70
95 13 85 15
101 78 111 80
185 50 185 60
15 31 15 21
179 36 174 44
183 76 177 83
3 66 4 75
194 72 193 81
16 35 17 44
190 102 189 111
6 89 7 98
160 88 151 88
58 112 58 121
60 122 68 125
116 21 112 28
191 96 192 88
186 43 186 51
184 61 184 69
55 75 55 67
8 106 7 99
5 86 5 79
2 56 2 63
168 46 174 43
61 8 66 12
131 144 125 142
51 119 57 121
30 2 36 1
155 60 149 60
102 44 108 44
14 21 14 15
86 44 92 44
74 64 71 59
22 9 24 14
15 108 10 106
163 153 168 155
40 18 45 17
96 32 91 31
192 87 193 82
183 70 183 75
181 38 185 41
141 40 139 36
59 7 57 11
132 37 130 41
121 24 123 28
17 45 19 49
132 51 130 47
131 79 129 75
191 97 190 101
189 112 188 116
79 25 78 21
68 29 68 33
45 29 49 29
169 60 165 60
56 64 58 61
121 37 123 34
66 18 65 21
57 7 57 4
147 87 150 87
69 40 69 43
1 55 1 52
177 34 177 37
134 36 132 38
25 4 23 6
73 37 71 35
80 19 79 21
122 61 121 63
174 84 176 83
65 48 66 46
125 64 124 66
140 33 139 35
74 22 76 22
82 16 84 16
31 29 29 29
194 71 194 69
16 34 16 32
4 78 4 76
134 52 133 51
63 22 64 21
183 53 184 52
16 22 17 23
114 20 115 21
176 34 175 33
119 23 120 24
165 28 164 28
185 42 185 43
15 14 15 15
66 13 66 14
6 87 6 88
50 55 51 55
114 80 114 79
149 59 148 59
46 1 47 1
97 13 96 13
3 64 3 65
16 14 16 14
16 14 16 14
16 14 16 14
16 14 16 14
16 14 16 14
16 14 16 14
16 14 16 14
16 14 16 14
16 14 16 14
16 14 16 14
16 14 16 14
16 14 16 14
16 14 16 14
16 14 16 14
16 14 16 14
16 14 16 14
16 14 16 14
16 14 16 14
16 14 16 14
16 14 16 14
16 14 16 14
16 14 16 14
16 14 16 14
16 14 16 14
16 14 16 14
16 14 16 14
16 14 16 14
16 14 16 14
16 14 16 14
16 14 16 14
16 14 16 14
59 26 59 26
30 17 30 17
71 36 71 36
67 44 67 44
55 3 55 3
86 70 86 70
178 35 178 35
75 21 75 21
16 14 16 14
41 17 41 17
21 27 21 27
177 41 177 41
16 14 16 14
179 57 179 57
167 46 167 46
53 2 53 2
16 14 16 14
178 39 178 39
181 56 181 56
109 43 109 43
132 79 132 79
115 25 115 25
23 28 23 28
51 28 51 28
16 14 16 14
111 28 111 28
140 57 140 57
23 8 23 8
16 14 16 14
61 25 61 25
69 29 69 29
83 29 83 29
16 14 16 14
175 59 175 59
