172 195
242
119 193 154 165
78 117 78 153
151 141 124 162
100 141 122 163
100 140 79 119
39 77 58 96
58 97 77 116
157 108 151 133
19 57 1 39
37 76 19 58
52 125 69 142
162 159 168 136
152 140 171 126
2 47 6 69
97 103 80 116
37 109 52 124
32 1 51 1
104 121 97 107
52 60 59 46
104 87 118 80
33 42 19 35
15 85 26 96
37 108 26 97
153 119 141 128
90 165 100 176
135 80 148 87
113 127 127 130
13 19 15 33
35 61 49 61
80 154 89 164
107 184 116 194
73 83 61 77
134 145 146 139
63 8 51 2
132 116 144 110
111 88 123 82
74 101 62 95
43 29 55 23
32 2 20 8
61 35 49 41
61 45 73 39
131 82 143 88
24 23 36 29
90 83 102 77
83 102 96 99
16 38 19 51
75 84 88 84
119 146 132 146
88 40 75 40
110 68 110 55
98 130 106 140
90 41 100 49
157 106 154 94
102 44 91 39
97 100 102 89
96 112 96 124
76 70 88 70
68 29 68 17
47 42 35 42
76 38 88 38
20 52 29 59
77 151 69 143
58 74 53 64
55 83 60 93
67 24 62 34
162 116 170 123
49 2 57 9
118 114 128 116
107 96 109 106
131 79 121 79
101 56 97 65
109 66 105 75
148 98 144 89
47 69 39 74
10 31 2 36
111 68 118 74
104 120 111 126
38 83 39 92
22 20 22 11
69 39 69 30
75 69 67 65
148 101 144 109
62 56 66 64
14 18 18 10
109 55 105 47
62 54 66 46
171 127 169 135
9 78 7 70
107 140 114 144
54 72 55 80
40 98 41 106
161 160 155 165
101 177 106 183
73 32 79 37
111 109 117 113
27 5 23 11
73 41 67 45
130 130 137 129
10 79 15 84
58 11 58 18
95 66 89 69
67 16 64 10
108 95 111 89
149 88 153 93
42 113 41 107
130 82 124 82
109 75 109 69
155 114 152 119
147 138 150 133
101 54 99 49
37 77 38 82
54 65 53 60
37 29 42 29
145 126 149 123
77 102 82 102
18 34 16 30
105 48 102 45
95 43 98 46
35 2 31 3
40 97 39 93
1 46 1 42
25 23 23 20
14 31 15 28
97 125 98 128
15 34 16 37
57 19 56 22
130 80 133 80
31 60 34 60
122 80 119 80
62 33 60 35
105 87 103 89
110 107 112 109
97 102 98 100
141 127 139 128
98 112 97 110
111 82 109 82
46 2 48 2
129 116 131 116
156 109 156 111
13 24 13 26
90 39 88 39
116 145 118 145
76 39 74 39
81 39 83 39
54 71 54 69
68 38 68 36
103 76 104 75
24 8 23 9
55 6 54 5
55 22 54 23
19 34 20 35
62 8 63 9
28 5 29 4
14 20 14 19
60 46 60 47
113 126 112 126
67 18 67 17
97 106 97 105
74 83 75 83
148 99 148 100
50 60 51 60
55 81 55 82
48 41 47 41
19 9 19 10
60 75 59 75
122 165 122 164
89 83 88 83
138 84 138 84
138 84 138 84
138 84 138 84
138 84 138 84
138 84 138 84
138 84 138 84
138 84 138 84
138 84 138 84
138 84 138 84
138 84 138 84
138 84 138 84
138 84 138 84
138 84 138 84
138 84 138 84
138 84 138 84
138 84 138 84
138 84 138 84
138 84 138 84
138 84 138 84
138 84 138 84
138 84 138 84
138 84 138 84
138 84 138 84
138 84 138 84
138 84 138 84
138 84 138 84
138 84 138 84
138 84 138 84
138 84 138 84
138 84 138 84
138 84 138 84
138 84 138 84
153 92 153 92
116 84 116 84
142 88 142 88
146 91 146 91
55 52 55 52
112 88 112 88
138 84 138 84
102 91 102 91
98 95 98 95
113 81 113 81
109 83 109 83
74 41 74 41
154 95 154 95
99 114 99 114
138 84 138 84
32 41 32 41
65 31 65 31
92 40 92 40
138 84 138 84
31 28 31 28
143 110 143 110
29 2 29 2
138 84 138 84
100 116 100 116
100 61 100 61
149 89 149 89
147 106 147 106
27 3 27 3
62 55 62 55
93 42 93 42
138 84 138 84
143 83 143 83
97 116 97 116
63 57 63 57
138 84 138 84
101 55 101 55
54 2 54 2
27 26 27 26
138 84 138 84
67 27 67 27
25 4 25 4
99 93 99 93
58 4 58 4
