201 161
240
45 65 111 31
113 30 145 78
59 59 88 108
3 87 39 68
27 138 10 106
61 126 90 111
105 102 133 87
60 127 33 141
91 132 117 118
167 91 141 105
54 153 78 140
12 112 1 89
140 106 118 117
168 90 189 79
24 131 34 151
188 26 183 47
176 64 158 74
132 20 114 29
200 51 183 60
188 33 199 48
177 17 166 2
96 83 80 75
183 44 167 51
130 65 119 78
53 114 66 103
73 52 73 69
143 96 146 80
70 85 73 101
140 44 154 51
138 42 131 28
179 8 165 1
139 8 153 1
11 85 18 71
200 52 194 66
186 30 177 18
19 112 13 99
20 115 31 124
56 124 67 115
130 31 130 45
64 70 70 82
151 64 139 58
92 109 104 103
37 66 25 72
41 160 53 154
86 64 98 70
55 97 43 103
182 11 188 23
107 83 119 77
79 139 91 133
100 30 87 33
50 126 37 126
33 116 46 116
83 88 94 94
129 75 123 86
131 20 137 9
176 58 165 64
91 37 103 34
161 4 149 7
120 89 109 94
194 67 189 78
134 86 145 81
20 110 31 115
155 38 167 38
48 61 36 61
54 71 44 65
175 33 180 23
116 40 106 35
70 93 65 103
60 86 55 96
35 103 25 98
146 9 141 19
55 72 60 82
105 70 115 65
131 54 129 65
125 41 130 51
166 51 155 51
20 91 20 80
61 67 52 62
116 33 124 39
19 70 27 64
82 57 82 47
145 32 141 23
121 50 117 41
121 55 117 64
78 41 73 49
154 1 163 1
72 54 72 63
90 118 90 127
179 18 175 10
157 75 149 79
178 56 182 48
74 64 78 72
146 32 153 37
110 31 102 30
80 38 87 34
11 94 11 86
90 38 84 43
75 75 77 82
105 83 98 83
105 95 98 95
168 37 174 34
83 57 86 63
168 6 162 4
133 52 131 46
71 108 72 102
157 65 163 64
30 63 36 62
42 103 36 103
21 92 24 97
175 11 171 7
180 44 184 40
182 61 177 63
48 115 53 113
70 83 71 88
38 66 43 66
129 68 129 73
131 22 131 27
104 70 99 70
22 110 18 107
70 110 68 114
142 101 143 97
89 113 89 117
138 57 135 55
22 76 24 73
79 85 82 87
63 69 60 67
156 65 153 64
51 125 54 124
159 52 162 52
12 97 12 94
74 73 74 70
121 51 121 54
81 75 79 73
122 86 120 88
79 40 81 38
148 8 146 10
112 32 114 33
126 72 127 70
179 9 181 10
106 94 108 94
12 86 12 84
70 92 70 90
91 130 91 128
60 85 60 83
141 22 141 20
160 39 162 39
130 54 130 52
34 125 36 125
84 44 85 43
179 19 180 20
115 40 116 41
137 10 138 9
142 102 141 103
32 115 33 115
41 67 40 67
21 79 21 80
97 94 96 94
47 115 46 115
188 31 188 32
130 57 130 58
71 84 71 84
71 84 71 84
71 84 71 84
71 84 71 84
71 84 71 84
71 84 71 84
71 84 71 84
71 84 71 84
71 84 71 84
71 84 71 84
71 84 71 84
71 84 71 84
71 84 71 84
71 84 71 84
71 84 71 84
71 84 71 84
71 84 71 84
71 84 71 84
71 84 71 84
71 84 71 84
71 84 71 84
71 84 71 84
71 84 71 84
71 84 71 84
71 84 71 84
71 84 71 84
71 84 71 84
71 84 71 84
153 50 153 50
172 50 172 50
26 72 26 72
156 4 156 4
178 30 178 30
133 35 133 35
79 39 79 39
182 43 182 43
19 113 19 113
112 82 112 82
171 8 171 8
139 43 139 43
20 123 20 123
89 81 89 81
23 129 23 129
30 68 30 68
58 75 58 75
71 84 71 84
148 2 148 2
87 64 87 64
124 40 124 40
108 82 108 82
183 45 183 45
142 24 142 24
149 50 149 50
71 84 71 84
91 68 91 68
30 102 30 102
187 22 187 22
71 84 71 84
147 49 147 49
134 37 134 37
174 4 174 4
71 84 71 84
93 69 93 69
122 37 122 37
146 3 146 3
116 80 116 80
130 64 130 64
85 79 85 79
83 78 83 78
71 84 71 84
116 64 116 64
185 37 185 37
59 77 59 77
71 84 71 84
174 49 174 49
128 66 128 66
150 7 150 7
71 84 71 84
21 125 21 125
91 82 91 82
