207 127
258
37 58 57 63
33 117 17 109
82 43 98 35
150 17 139 31
197 35 203 51
17 112 10 97
198 35 191 20
167 70 151 66
180 68 193 58
68 61 73 76
93 34 78 39
62 114 47 119
25 58 40 53
129 39 134 54
103 99 118 94
83 86 97 93
74 59 81 45
68 98 58 110
188 18 175 12
116 91 102 94
56 64 65 75
68 43 55 47
54 48 41 52
33 124 46 120
63 113 76 109
150 65 142 54
11 63 24 59
132 71 126 83
126 45 132 57
121 41 109 35
150 18 162 12
51 103 57 91
83 62 86 75
77 78 74 65
60 65 68 75
7 85 11 97
138 64 142 76
81 98 77 86
140 86 128 90
56 111 45 117
29 60 18 66
187 50 190 38
22 102 17 91
187 8 191 19
2 72 6 83
180 71 191 67
155 11 166 7
87 105 98 101
156 80 167 76
139 17 150 13
189 36 184 26
173 60 183 55
89 50 84 60
66 77 68 88
100 84 90 79
52 75 57 85
165 21 155 26
123 68 118 78
166 60 156 55
41 69 51 74
123 61 118 51
33 69 23 74
139 46 139 35
196 65 206 61
18 67 11 75
125 28 128 38
64 50 67 60
115 26 105 29
94 33 104 30
113 82 103 84
112 46 102 44
17 89 19 79
37 108 27 106
137 47 137 37
117 90 125 84
133 69 133 59
150 45 150 35
174 21 183 25
50 104 41 108
18 114 21 123
178 72 169 75
43 117 34 117
70 82 70 91
31 59 40 59
155 54 151 46
123 24 131 20
90 49 98 45
140 55 145 62
174 4 182 1
69 42 77 40
137 63 135 55
119 93 127 91
74 77 76 85
11 77 9 85
196 51 192 58
100 35 108 35
148 61 154 66
78 79 83 85
206 59 203 52
148 83 155 80
151 34 154 27
3 66 10 64
142 53 140 46
84 106 77 108
177 69 170 70
198 42 197 49
105 93 98 93
172 11 165 11
132 20 138 17
167 7 173 4
184 1 187 7
74 64 75 58
68 89 67 95
66 97 64 102
32 125 27 126
167 20 172 20
56 65 52 62
123 62 123 67
167 60 172 60
113 81 117 79
26 105 23 102
114 47 117 50
146 62 149 65
141 85 145 84
120 24 116 25
144 81 143 77
68 76 69 80
83 103 82 99
57 86 57 90
39 68 35 68
20 78 22 75
154 11 151 13
195 65 192 67
82 44 85 42
184 54 186 51
125 44 122 42
139 51 138 48
62 46 63 49
69 94 68 97
102 100 99 101
13 101 12 98
140 34 141 31
188 19 190 21
57 110 59 108
87 76 89 78
18 109 16 107
99 45 101 44
2 71 1 69
179 68 177 68
172 12 174 12
163 12 165 12
132 58 132 60
9 89 9 87
40 108 38 108
124 27 124 25
138 34 138 36
46 59 48 59
188 63 187 64
144 58 145 59
141 27 142 28
89 51 90 50
190 60 191 59
9 93 9 94
168 70 169 70
161 70 162 70
101 84 102 84
22 125 22 124
84 61 84 62
132 68 132 69
189 37 189 38
43 58 42 58
52 60 51 60
59 64 58 64
173 21 173 21
173 21 173 21
173 21 173 21
173 21 173 21
173 21 173 21
173 21 173 21
173 21 173 21
173 21 173 21
173 21 173 21
173 21 173 21
173 21 173 21
173 21 173 21
173 21 173 21
173 21 173 21
173 21 173 21
173 21 173 21
173 21 173 21
173 21 173 21
173 21 173 21
173 21 173 21
173 21 173 21
173 21 173 21
187 49 187 49
187 49 187 49
69 92 69 92
157 55 157 55
140 54 140 54
32 116 32 116
96 92 96 92
154 68 154 68
48 71 48 71
32 108 32 108
108 84 108 84
155 27 155 27
51 115 51 115
63 71 63 71
182 14 182 14
86 87 86 87
67 85 67 85
17 113 17 113
196 33 196 33
160 68 160 68
117 78 117 78
22 113 22 113
192 21 192 21
84 86 84 86
65 77 65 77
36 58 36 58
24 74 24 74
158 69 158 69
64 104 64 104
110 36 110 36
6 84 6 84
130 78 130 78
91 37 91 37
9 81 9 81
173 21 173 21
26 115 26 115
195 27 195 27
26 71 26 71
173 21 173 21
28 116 28 116
101 94 101 94
34 69 34 69
173 21 173 21
157 13 157 13
124 44 124 44
17 90 17 90
199 39 199 39
93 36 93 36
87 39 87 39
196 29 196 29
173 21 173 21
51 102 51 102
131 76 131 76
78 48 78 48
173 21 173 21
168 76 168 76
14 103 14 103
67 90 67 90
173 21 173 21
140 36 140 36
173 21 173 21
173 21 173 21
173 21 173 21
