113 203
229
49 202 33 140
18 75 76 61
1 19 10 55
3 16 35 8
95 121 64 129
11 56 18 86
64 130 35 137
29 128 22 100
52 202 80 195
87 191 112 185
36 7 61 1
106 188 81 194
83 77 89 101
55 59 35 70
80 111 85 90
78 194 58 199
66 41 66 22
26 93 30 111
103 147 103 165
78 59 82 76
72 38 76 54
68 26 64 10
9 32 16 46
45 167 52 181
79 188 93 181
44 151 51 137
74 69 83 81
45 1 30 1
68 118 79 109
62 125 48 125
65 21 59 9
88 142 94 154
34 43 22 37
59 171 71 177
19 49 31 55
44 55 56 49
26 86 32 74
53 109 66 106
87 131 74 128
44 152 44 165
62 120 49 120
80 137 67 137
88 132 98 140
32 64 21 58
96 178 102 167
35 91 38 79
109 169 106 157
21 99 18 87
94 118 91 106
98 130 101 142
65 35 60 46
88 172 77 177
75 87 70 76
53 158 56 147
49 9 56 18
57 145 66 138
89 170 94 160
29 2 19 7
41 43 51 38
75 92 70 102
47 119 37 114
69 189 80 187
64 186 54 181
37 119 47 124
63 124 73 119
65 188 55 183
23 12 18 22
35 92 40 102
60 54 65 44
51 108 41 103
36 6 26 9
30 129 32 139
45 72 55 70
69 27 71 37
9 27 11 17
42 55 32 55
50 63 60 63
34 64 44 64
54 161 58 170
56 133 50 140
110 170 112 179
56 70 65 72
13 48 11 39
56 29 52 37
18 28 22 36
73 69 65 65
19 57 14 50
97 140 101 147
84 93 84 85
53 5 59 10
31 112 36 118
30 107 35 113
80 138 87 141
95 122 97 129
79 113 74 118
44 73 39 78
79 193 86 192
56 19 57 26
19 8 14 12
42 7 48 9
104 150 105 156
43 161 43 155
78 109 81 104
66 118 61 119
45 2 50 3
63 9 62 4
66 187 71 187
35 43 40 43
55 181 51 178
77 60 77 55
66 73 69 76
56 200 52 201
94 155 94 159
18 27 18 23
26 92 26 88
72 177 76 177
56 58 59 56
92 181 95 179
75 88 75 91
9 28 9 31
90 102 90 105
102 143 102 146
74 189 77 189
69 103 67 105
59 46 57 48
82 82 83 84
48 64 50 64
48 176 50 176
106 187 108 187
71 128 73 128
39 6 37 6
102 149 102 151
23 13 24 12
40 76 39 77
58 132 57 133
18 48 17 47
36 113 35 112
34 72 33 73
52 12 53 13
56 28 57 27
66 188 67 189
45 165 45 166
84 100 84 99
17 84 17 83
12 16 12 15
67 129 68 129
29 104 29 103
16 80 16 79
54 159 54 160
18 8 17 8
70 188 71 188
27 81 27 81
27 81 27 81
27 81 27 81
27 81 27 81
27 81 27 81
27 81 27 81
27 81 27 81
27 81 27 81
27 81 27 81
27 81 27 81
27 81 27 81
27 81 27 81
27 81 27 81
27 81 27 81
27 81 27 81
27 81 27 81
27 81 27 81
27 81 27 81
27 81 27 81
27 81 27 81
27 81 27 81
27 81 27 81
27 81 27 81
27 81 27 81
27 81 27 81
27 81 27 81
27 81 27 81
27 81 27 81
27 81 27 81
27 81 27 81
27 81 27 81
27 85 27 85
88 185 88 185
42 103 42 103
108 185 108 185
68 117 68 117
78 73 78 73
65 43 65 43
36 93 36 93
63 42 63 42
92 147 92 147
74 70 74 70
65 18 65 18
59 170 59 170
100 173 100 173
27 102 27 102
27 81 27 81
64 16 64 16
38 80 38 80
86 186 86 186
27 81 27 81
30 106 30 106
14 45 14 45
30 54 30 54
27 81 27 81
67 138 67 138
64 175 64 175
54 5 54 5
14 49 14 49
63 14 63 14
112 184 112 184
23 37 23 37
27 81 27 81
61 131 61 131
53 182 53 182
76 117 76 117
27 81 27 81
46 123 46 123
45 54 45 54
60 44 60 44
27 81 27 81
28 79 28 79
44 106 44 106
42 74 42 74
59 142 59 142
46 172 46 172
12 41 12 41
59 55 59 55
