83 200
248
75 43 62 59
18 37 27 55
52 2 33 2
46 198 27 198
38 3 56 3
12 95 20 79
30 7 19 21
61 153 65 170
22 78 36 71
27 141 13 148
48 142 60 152
69 112 59 124
23 124 14 112
61 58 47 61
59 4 70 13
48 196 59 187
13 189 7 177
40 60 28 54
15 191 27 197
55 173 49 185
29 127 42 130
30 41 27 28
9 155 6 168
42 140 29 140
63 80 69 91
48 71 59 77
60 60 48 63
58 13 46 10
77 31 74 19
24 111 21 99
15 173 20 184
8 99 8 111
14 34 14 46
31 67 43 67
25 132 37 132
6 124 6 136
3 161 3 173
79 37 79 49
50 157 55 167
28 26 33 16
56 87 61 97
39 151 49 156
21 156 31 151
51 50 61 45
34 45 44 50
45 120 55 115
45 81 55 86
81 24 81 13
16 21 16 10
38 133 49 133
2 185 2 174
5 148 5 137
19 66 30 66
24 131 13 131
10 86 10 75
15 22 15 33
7 123 7 112
55 68 44 68
80 36 80 25
9 87 9 98
67 69 56 69
13 47 13 58
4 160 4 149
12 107 12 96
78 61 78 50
50 134 61 134
52 142 59 150
44 130 54 127
74 43 77 33
64 177 59 186
36 137 46 139
17 161 15 171
33 82 43 80
18 35 18 25
68 161 68 171
40 190 30 190
67 25 67 35
43 11 34 15
28 116 37 120
77 72 76 81
46 71 37 71
23 1 32 1
6 195 15 195
73 116 73 107
69 151 69 160
64 5 73 5
75 87 75 96
56 199 47 199
74 97 74 106
72 117 72 126
70 141 70 150
67 172 67 181
66 191 66 182
66 36 62 44
20 142 28 138
30 8 38 4
57 112 61 104
32 83 25 88
28 56 35 61
24 90 21 98
71 102 69 110
1 194 1 186
64 175 64 167
28 197 36 197
65 57 70 51
48 186 41 189
63 17 66 24
22 186 29 189
14 148 10 154
71 100 70 93
65 192 65 199
39 62 45 63
11 74 11 68
17 3 17 9
74 70 68 70
44 120 38 120
77 62 77 68
82 12 82 6
68 135 62 135
16 196 22 196
6 169 6 175
18 65 12 65
17 144 14 149
41 60 46 61
71 140 71 135
45 50 50 50
74 6 79 6
55 126 59 123
12 64 12 59
7 130 12 130
61 98 61 103
71 127 71 132
24 124 28 126
71 14 73 18
28 115 25 112
59 14 62 17
60 78 63 81
38 151 34 150
34 137 30 138
13 107 14 111
46 142 42 141
54 4 58 4
76 86 76 82
55 168 55 172
64 55 61 57
18 160 20 157
25 50 27 53
46 196 43 197
2 194 5 194
33 44 31 42
60 153 58 151
13 188 14 190
20 81 21 79
46 72 48 72
19 25 19 23
63 4 61 4
70 104 70 102
42 129 40 129
36 199 34 199
21 184 22 185
19 143 18 144
33 17 34 16
26 88 25 89
72 48 71 49
56 113 55 114
29 141 28 141
68 112 68 111
48 140 47 140
28 27 28 28
33 151 32 151
45 11 44 11
70 99 70 98
61 156 61 155
51 141 50 141
37 61 36 61
14 88 14 88
14 88 14 88
14 88 14 88
14 88 14 88
14 88 14 88
14 88 14 88
14 88 14 88
14 88 14 88
14 88 14 88
14 88 14 88
14 88 14 88
14 88 14 88
14 88 14 88
14 88 14 88
14 88 14 88
14 88 14 88
14 88 14 88
14 88 14 88
14 88 14 88
14 88 14 88
14 88 14 88
14 88 14 88
14 88 14 88
14 88 14 88
14 88 14 88
14 88 14 88
14 88 14 88
14 88 14 88
14 88 14 88
14 88 14 88
14 88 14 88
14 88 14 88
14 88 14 88
14 88 14 88
9 157 9 157
53 180 53 180
13 94 13 94
25 12 25 12
14 88 14 88
56 114 56 114
20 21 20 21
16 191 16 191
14 88 14 88
56 88 56 88
56 60 56 60
76 34 76 34
14 88 14 88
63 177 63 177
45 141 45 141
22 48 22 48
44 81 44 81
17 180 17 180
34 129 34 129
61 59 61 59
14 88 14 88
20 44 20 44
19 42 19 42
19 38 19 38
14 88 14 88
45 130 45 130
26 114 26 114
6 163 6 163
14 88 14 88
61 44 61 44
52 61 52 61
48 143 48 143
13 110 13 110
53 128 53 128
13 90 13 90
55 144 55 144
14 88 14 88
61 6 61 6
47 63 47 63
