194 126
207
64 65 71 35
66 105 66 79
98 64 78 64
58 120 78 120
136 123 117 123
109 35 90 35
35 62 54 62
176 38 157 38
99 65 118 65
15 61 34 61
39 118 21 118
98 122 116 122
97 121 79 121
127 26 111 34
88 34 72 26
10 14 24 3
135 52 135 35
40 119 57 119
25 32 42 32
136 66 119 66
156 65 172 65
64 46 64 30
42 1 56 8
142 14 156 7
46 31 60 24
140 30 154 37
126 34 126 49
130 42 130 57
63 14 63 29
107 4 92 4
169 69 184 69
189 18 177 9
107 22 92 22
73 50 73 35
159 25 174 25
168 68 153 68
137 67 152 67
27 19 41 19
120 11 108 5
79 11 91 5
122 55 110 61
179 37 191 31
77 55 89 61
176 9 163 6
191 33 193 46
136 21 136 34
9 16 9 29
65 65 65 78
151 125 164 125
150 124 137 124
67 106 67 119
105 62 93 62
9 38 5 49
14 52 24 57
59 52 49 57
140 58 150 63
175 64 185 59
12 26 22 31
41 1 30 1
31 59 41 59
77 63 67 63
4 60 14 60
189 106 188 115
8 107 9 116
11 38 12 47
2 67 3 76
190 38 189 47
192 85 191 94
11 117 20 117
183 20 175 24
188 18 192 26
83 17 91 21
72 21 76 13
26 18 18 14
123 13 127 21
108 21 116 17
43 18 51 14
157 24 149 20
4 52 1 60
5 87 6 95
55 63 63 63
137 19 137 27
131 41 131 33
6 96 7 103
129 58 129 65
188 56 188 49
185 70 192 70
76 14 82 11
145 13 147 19
186 125 187 119
4 85 4 79
193 77 193 83
190 103 190 97
72 28 72 34
10 36 10 30
193 47 193 53
127 22 124 27
72 22 75 27
136 52 139 57
60 10 62 15
118 11 117 16
30 2 25 3
157 7 162 6
164 39 169 39
8 18 8 23
127 33 127 28
53 7 53 12
189 31 192 27
63 47 61 51
60 23 62 19
138 19 140 15
125 50 123 54
30 58 26 58
183 19 183 15
46 58 42 58
16 10 18 13
74 51 76 54
14 51 12 48
82 16 81 13
1 65 1 62
7 104 8 106
127 24 126 26
11 25 10 23
139 29 138 27
122 14 121 12
72 24 73 26
186 58 187 56
187 118 188 116
10 16 11 14
151 63 153 64
192 28 192 30
44 31 42 31
25 31 23 31
107 61 109 61
92 61 90 61
176 37 178 37
5 50 4 51
54 9 55 8
141 15 140 16
59 10 58 9
19 6 20 5
147 12 147 13
189 105 189 104
78 12 77 12
157 37 156 37
191 96 191 95
3 77 3 78
117 11 117 10
109 34 110 34
90 34 89 34
92 21 92 21
92 21 92 21
92 21 92 21
92 21 92 21
92 21 92 21
92 21 92 21
92 21 92 21
92 21 92 21
92 21 92 21
92 21 92 21
92 21 92 21
92 21 92 21
92 21 92 21
92 21 92 21
92 21 92 21
92 21 92 21
92 21 92 21
92 21 92 21
92 21 92 21
92 21 92 21
92 21 92 21
92 21 92 21
92 21 92 21
92 21 92 21
26 2 26 2
59 24 59 24
21 17 21 17
17 13 17 13
141 58 141 58
83 33 83 33
143 33 143 33
92 21 92 21
52 13 52 13
155 64 155 64
81 32 81 32
92 21 92 21
47 30 47 30
148 19 148 19
172 7 172 7
92 21 92 21
187 18 187 18
191 30 191 30
123 14 123 14
192 36 192 36
43 2 43 2
191 21 191 21
49 3 49 3
92 21 92 21
132 32 132 32
147 35 147 35
118 32 118 32
92 21 92 21
185 16 185 16
86 6 86 6
190 37 190 37
92 21 92 21
88 5 88 5
