204 142
211
86 31 58 87
1 58 27 4
144 55 106 37
195 106 178 141
44 80 16 67
160 134 132 121
84 27 56 14
28 1 55 14
168 66 192 77
84 99 108 110
135 80 124 104
109 110 131 121
62 89 83 99
135 79 145 58
167 66 146 56
87 28 105 37
203 88 195 105
59 68 41 72
173 72 155 72
12 53 23 67
175 141 161 134
71 39 64 25
154 73 142 83
67 55 71 40
132 64 132 79
159 130 146 123
80 53 74 65
59 45 53 57
181 116 187 104
187 99 181 87
59 20 47 14
45 80 57 86
117 86 105 92
15 67 3 61
101 92 89 86
21 20 33 14
137 86 134 99
185 78 193 88
54 68 64 60
81 92 75 81
122 49 111 43
186 123 175 129
125 92 131 81
84 49 95 43
139 88 136 100
136 101 139 113
151 73 141 80
83 69 88 58
19 45 24 56
118 58 123 69
53 27 42 22
109 101 97 101
97 43 109 43
74 67 74 79
130 59 123 50
111 100 121 95
83 75 88 85
147 98 152 88
33 71 23 66
147 105 152 115
163 121 153 116
193 77 203 82
163 82 153 87
90 57 100 52
42 62 52 57
59 39 54 29
26 57 36 62
85 95 95 100
161 130 172 130
184 78 175 73
119 114 124 105
21 33 19 43
30 24 40 22
121 81 123 71
11 39 11 49
60 67 67 60
180 117 171 121
180 86 171 82
193 89 195 98
103 52 112 54
145 122 140 115
22 31 28 25
107 42 99 42
44 13 36 13
69 44 69 36
71 47 70 54
135 107 134 100
160 71 167 71
60 21 64 26
40 72 34 71
164 82 170 82
164 121 170 121
66 56 63 60
147 104 147 99
80 54 83 50
73 69 73 74
114 55 117 58
125 91 122 94
138 84 141 81
84 94 81 91
131 64 130 60
59 44 59 40
37 62 41 62
83 74 83 70
14 29 12 32
118 85 120 82
142 84 140 87
69 56 67 59
71 42 72 45
155 74 158 73
136 109 137 112
133 73 133 70
195 103 195 100
187 103 187 100
187 121 185 123
145 121 147 123
138 114 140 114
12 49 12 51
104 92 102 92
52 71 50 71
34 14 36 14
28 26 29 25
17 61 18 62
22 32 23 31
70 39 70 40
44 14 45 14
102 52 101 52
173 129 172 129
46 72 47 72
68 34 68 35
152 114 152 114
152 114 152 114
152 114 152 114
152 114 152 114
152 114 152 114
152 114 152 114
152 114 152 114
152 114 152 114
152 114 152 114
152 114 152 114
152 114 152 114
152 114 152 114
152 114 152 114
152 114 152 114
152 114 152 114
152 114 152 114
152 114 152 114
152 114 152 114
152 114 152 114
152 114 152 114
152 114 152 114
152 114 152 114
152 114 152 114
152 114 152 114
97 100 97 100
97 100 97 100
53 28 53 28
193 109 193 109
25 56 25 56
121 49 121 49
151 75 151 75
191 113 191 113
116 86 116 86
35 61 35 61
192 89 192 89
180 87 180 87
100 91 100 91
68 30 68 30
95 44 95 44
124 93 124 93
139 90 139 90
20 46 20 46
131 79 131 79
19 44 19 44
84 76 84 76
92 89 92 89
114 89 114 89
191 117 191 117
17 62 17 62
194 111 194 111
123 70 123 70
152 114 152 114
82 93 82 93
180 116 180 116
152 73 152 73
152 114 152 114
87 29 87 29
95 53 95 53
137 103 137 103
152 114 152 114
185 92 185 92
67 28 67 28
185 79 185 79
58 34 58 34
69 50 69 50
15 27 15 27
54 70 54 70
152 114 152 114
193 113 193 113
147 78 147 78
14 55 14 55
152 114 152 114
185 111 185 111
192 111 192 111
111 44 111 44
152 114 152 114
20 21 20 21
43 23 43 23
75 64 75 64
63 65 63 65
148 76 148 76
