199 93
208
32 70 130 70
131 70 196 70
192 11 131 11
4 11 65 11
128 11 68 11
67 74 67 42
1 70 31 70
68 41 68 13
132 55 132 28
197 48 197 22
1 69 12 92
198 71 187 92
3 41 3 21
2 42 2 60
173 1 189 9
196 20 196 37
26 1 12 8
161 1 147 8
53 8 39 1
93 1 79 8
120 8 106 1
61 29 54 43
133 56 133 71
141 16 138 30
169 54 183 51
131 75 129 89
131 27 131 13
149 47 141 36
77 44 71 32
167 41 155 35
129 24 123 12
129 31 123 43
162 53 150 47
31 54 44 51
86 51 99 54
58 15 61 28
30 54 17 51
4 37 9 49
137 45 137 32
198 62 198 49
190 50 195 38
87 63 77 55
99 5 111 8
42 8 30 5
55 57 45 64
33 41 44 36
103 41 114 36
71 23 76 12
16 36 26 41
85 35 80 25
189 26 184 36
105 1 94 1
11 18 11 29
119 17 119 28
153 63 144 57
14 58 23 64
124 52 117 60
60 50 63 40
182 60 173 65
111 52 101 54
91 39 101 41
72 40 74 50
169 5 159 7
103 65 113 63
162 1 172 1
27 1 37 1
45 50 53 44
150 17 150 27
183 37 174 41
80 21 84 12
174 6 183 10
20 8 29 5
8 44 15 50
50 23 48 14
125 50 127 41
68 77 69 86
2 24 2 33
4 22 4 13
185 13 189 21
50 25 46 33
142 54 138 46
191 12 195 20
184 59 189 52
122 45 115 50
184 50 191 45
85 50 78 45
88 63 96 65
139 27 141 35
98 5 90 7
151 27 154 34
164 66 171 65
1 61 1 68
71 31 71 24
5 18 8 12
10 52 14 57
161 65 155 64
129 26 128 32
37 65 43 64
12 17 15 12
15 35 12 30
115 12 118 17
115 34 118 29
151 17 153 12
69 87 70 92
163 53 168 54
27 41 32 41
62 37 62 32
173 41 168 41
56 56 58 52
142 16 144 12
86 36 90 38
72 39 71 35
60 30 60 26
195 17 195 13
31 65 27 65
55 12 57 15
54 10 51 8
158 8 155 10
89 8 86 10
36 65 33 66
170 5 173 6
132 71 131 74
101 66 98 66
189 22 189 25
128 39 128 36
78 10 80 8
75 52 77 54
112 9 114 10
128 92 129 90
116 61 114 62
43 9 45 10
17 10 19 9
80 24 80 22
46 12 47 13
121 45 122 44
144 56 143 55
146 9 145 10
121 9 122 10
10 47 11 46
192 43 191 44
188 9 189 10
45 34 44 35
10 10 11 9
68 76 68 75
162 65 163 65
25 64 24 64
10 24 10 23
138 32 138 31
112 51 113 51
119 8 119 8
119 8 119 8
119 8 119 8
119 8 119 8
119 8 119 8
119 8 119 8
119 8 119 8
119 8 119 8
119 8 119 8
119 8 119 8
119 8 119 8
119 8 119 8
119 8 119 8
119 8 119 8
119 8 119 8
119 8 119 8
119 8 119 8
119 8 119 8
119 8 119 8
119 8 119 8
119 8 119 8
119 8 119 8
157 8 157 8
34 53 34 53
92 2 92 2
97 65 97 65
148 8 148 8
160 2 160 2
104 40 104 40
15 13 15 13
41 8 41 8
85 34 85 34
119 8 119 8
104 53 104 53
72 18 72 18
100 54 100 54
119 8 119 8
151 30 151 30
50 24 50 24
142 37 142 37
119 8 119 8
25 40 25 40
128 23 128 23
102 41 102 41
96 53 96 53
186 8 186 8
149 46 149 46
9 50 9 50
119 8 119 8
4 36 4 36
25 2 25 2
166 40 166 40
119 8 119 8
14 50 14 50
9 12 9 12
153 50 153 50
119 8 119 8
161 52 161 52
175 40 175 40
