137 192
191
38 85 74 132
76 191 128 174
47 152 24 118
62 74 62 109
21 62 1 35
46 124 46 97
47 151 47 125
22 64 37 84
68 183 54 163
120 73 103 60
83 95 102 95
121 75 121 93
89 41 75 30
36 40 50 29
24 91 24 108
70 59 53 59
23 73 23 90
62 21 47 28
49 3 61 12
13 12 25 3
99 59 84 59
125 102 135 113
91 129 105 125
105 94 118 88
45 83 59 86
18 26 32 29
55 46 69 46
35 73 35 59
34 58 34 44
38 52 50 58
66 87 78 93
74 58 86 52
37 17 50 14
98 123 85 123
62 14 62 27
106 125 118 121
132 117 120 120
89 130 77 133
89 42 89 54
99 81 87 81
2 43 2 55
4 80 4 68
43 1 31 1
84 80 74 75
25 53 15 48
82 60 72 65
44 40 54 45
12 24 12 35
3 56 3 67
17 107 23 116
7 91 13 100
119 110 112 118
43 29 33 29
70 118 63 111
110 76 101 80
70 45 79 41
53 162 48 154
133 148 132 157
135 132 134 141
13 45 13 36
25 118 25 109
20 12 28 16
19 25 11 21
55 92 47 95
1 34 9 32
22 62 30 60
66 28 74 30
69 184 73 191
131 164 130 172
120 94 120 102
35 41 35 49
37 77 43 82
64 71 70 66
51 29 58 28
5 81 5 88
22 72 22 65
136 128 136 121
45 40 42 34
109 65 112 71
14 22 11 16
13 101 17 106
81 122 75 120
73 74 72 68
80 39 80 33
122 78 122 84
33 54 27 54
119 109 119 103
1 42 1 36
63 81 65 86
53 8 51 13
132 158 131 163
133 147 134 142
46 28 41 28
36 17 31 17
36 41 38 37
75 64 72 67
60 27 64 27
80 94 84 94
65 71 63 74
71 118 74 120
120 84 118 87
112 72 110 75
14 45 16 48
21 12 19 9
88 50 85 52
59 21 61 18
36 73 37 76
12 16 13 13
104 121 101 122
73 58 70 58
109 120 106 120
44 2 47 2
102 60 99 60
30 2 27 2
86 39 88 41
53 7 51 5
11 19 12 21
119 73 120 75
36 49 37 51
47 32 45 32
105 62 107 62
56 9 58 9
75 134 75 136
135 129 135 131
85 80 87 80
51 58 53 58
44 82 43 81
111 118 110 119
75 75 74 74
115 68 114 67
6 89 7 90
66 86 67 87
79 34 78 33
29 16 30 16
61 13 61 14
44 35 44 36
83 122 84 122
133 116 134 116
30 28 29 28
103 94 102 94
63 110 63 109
88 49 88 48
100 80 99 80
38 39 38 39
38 39 38 39
38 39 38 39
38 39 38 39
38 39 38 39
38 39 38 39
38 39 38 39
38 39 38 39
38 39 38 39
38 39 38 39
38 39 38 39
38 39 38 39
38 39 38 39
38 39 38 39
38 39 38 39
38 39 38 39
38 39 38 39
38 39 38 39
38 39 38 39
38 39 38 39
38 39 38 39
38 39 38 39
38 39 38 39
38 39 38 39
61 86 61 86
63 72 63 72
38 39 38 39
58 22 58 22
47 43 47 43
73 65 73 65
38 39 38 39
54 26 54 26
119 121 119 121
48 27 48 27
65 28 65 28
61 20 61 20
112 92 112 92
26 3 26 3
38 39 38 39
79 40 79 40
20 8 20 8
53 11 53 11
38 39 38 39
18 9 18 9
50 13 50 13
43 38 43 38
38 39 38 39
59 28 59 28
