98 204
254
81 196 61 200
39 5 58 2
33 178 33 161
39 150 54 142
89 158 79 145
22 8 38 5
43 193 57 200
60 56 67 42
55 10 65 22
21 10 11 22
23 115 33 127
89 183 79 195
33 78 23 90
9 27 9 42
91 163 91 178
21 95 21 110
79 95 79 110
17 56 30 63
50 73 36 76
36 129 50 132
52 61 38 64
67 132 81 130
4 30 6 44
5 11 19 9
73 44 75 58
39 203 53 201
9 58 11 72
16 94 18 108
68 16 70 30
39 71 53 69
39 137 53 135
19 111 21 125
67 27 67 41
34 160 42 149
78 92 70 81
36 88 30 100
70 100 64 88
69 80 58 74
69 125 58 131
70 142 81 148
26 63 38 66
78 113 71 123
23 74 35 72
89 134 91 146
94 162 96 174
67 139 55 139
35 183 42 192
11 47 18 56
42 14 52 19
24 19 34 14
65 116 70 106
91 147 93 158
43 145 53 140
24 48 34 53
46 122 36 117
23 47 18 37
41 53 51 48
18 30 23 20
82 168 77 158
62 51 55 59
56 42 58 32
28 139 38 137
63 192 53 190
21 126 23 136
2 19 4 29
14 83 16 93
82 196 92 194
66 5 68 15
71 33 73 43
54 69 64 67
32 112 30 102
45 83 55 83
69 140 78 144
76 187 67 191
78 185 82 176
66 132 57 134
7 48 9 57
44 180 42 171
49 123 58 121
83 100 84 109
26 151 27 160
28 163 29 172
58 152 67 152
57 153 49 157
46 6 54 10
43 167 47 159
53 21 57 29
69 153 76 158
58 59 51 64
76 65 78 73
82 96 81 88
33 193 34 201
86 118 87 126
80 85 79 77
25 148 24 140
31 183 30 175
58 141 66 141
45 182 50 188
63 87 56 84
44 84 37 87
67 66 74 65
16 75 22 74
35 157 34 163
32 190 31 184
64 199 58 200
97 181 96 175
82 175 82 169
59 120 64 117
20 59 25 62
85 116 85 111
92 173 92 168
18 31 18 36
40 53 35 53
44 66 39 66
55 44 52 47
37 13 41 14
89 133 88 129
8 37 8 33
70 101 70 105
33 126 36 128
13 76 11 73
35 116 33 113
23 137 25 140
21 11 24 9
36 77 33 79
52 60 55 58
53 73 56 74
13 79 14 82
46 65 49 64
82 130 85 129
66 4 65 1
1 15 2 18
1 12 4 11
59 2 62 1
96 193 93 194
56 131 53 132
90 162 89 159
75 59 76 62
35 64 32 63
80 101 80 104
22 113 22 110
68 36 68 33
20 101 20 104
32 172 32 169
90 178 90 181
10 42 10 45
22 92 22 95
34 178 34 181
10 27 10 24
66 27 66 24
79 76 78 74
82 97 83 99
7 47 6 45
38 71 36 72
43 168 42 170
93 159 94 161
54 135 56 134
64 192 66 191
37 153 36 155
84 152 84 150
44 6 42 6
78 95 78 93
68 198 66 198
66 142 68 142
35 6 37 6
45 183 45 181
56 142 58 142
77 185 76 186
25 149 26 150
27 161 28 162
70 31 71 32
21 8 20 9
36 89 37 88
29 173 30 174
57 30 58 31
42 147 43 146
78 195 79 194
27 139 26 140
51 188 52 189
32 191 33 192
85 190 86 189
52 20 51 19
19 110 18 109
58 58 59 57
80 86 81 87
72 121 73 122
66 66 65 67
14 76 15 75
64 89 63 88
57 199 56 199
71 199 70 199
78 110 78 111
66 42 66 43
68 153 67 153
36 14 35 14
67 200 66 200
48 122 47 122
27 122 27 121
86 117 86 117
86 117 86 117
86 117 86 117
86 117 86 117
86 117 86 117
86 117 86 117
86 117 86 117
86 117 86 117
86 117 86 117
86 117 86 117
86 117 86 117
86 117 86 117
86 117 86 117
86 117 86 117
86 117 86 117
86 117 86 117
86 117 86 117
86 117 86 117
86 117 86 117
86 117 86 117
86 117 86 117
86 117 86 117
86 117 86 117
86 117 86 117
86 117 86 117
86 117 86 117
86 117 86 117
72 197 72 197
24 47 24 47
90 163 90 163
48 51 48 51
86 117 86 117
23 91 23 91
73 84 73 84
31 7 31 7
86 117 86 117
76 196 76 196
63 117 63 117
45 132 45 132
86 117 86 117
87 156 87 156
29 6 29 6
39 76 39 76
35 203 35 203
41 74 41 74
55 11 55 11
70 124 70 124
86 117 86 117
20 23 20 23
47 7 47 7
11 46 11 46
86 117 86 117
39 190 39 190
37 117 37 117
27 8 27 8
15 16 15 16
