198 105
260
79 104 177 104
78 104 11 104
3 68 66 68
69 68 132 68
135 68 197 68
68 16 127 16
195 23 188 52
131 53 131 29
67 53 67 29
5 37 10 53
194 79 190 95
8 95 4 79
27 64 13 57
160 46 146 39
182 8 168 1
157 1 143 8
91 46 77 39
127 18 127 33
90 1 77 8
52 39 39 46
96 1 83 8
9 40 22 46
41 1 54 7
179 3 190 12
92 64 106 64
171 64 157 64
54 37 61 25
83 27 95 33
114 27 102 33
3 22 9 10
26 33 14 27
11 8 23 2
90 63 78 57
155 63 143 57
171 33 183 27
113 7 101 1
137 25 140 12
28 64 41 64
19 5 31 1
178 45 189 39
109 45 120 39
120 7 109 2
130 28 130 16
66 66 66 54
126 34 126 46
132 66 132 54
196 59 196 47
36 1 46 7
152 7 162 1
43 63 53 58
28 47 39 45
173 63 183 58
142 36 137 26
70 26 75 36
3 25 5 36
60 19 55 9
45 27 35 32
62 34 62 45
68 28 68 17
129 98 129 87
124 51 117 59
50 19 48 9
194 24 192 14
166 47 176 45
158 31 168 33
130 76 130 86
149 23 156 30
140 54 136 45
15 8 11 17
2 48 1 57
66 70 67 79
136 30 136 39
186 23 186 14
187 104 178 104
148 12 148 21
57 54 61 46
15 27 11 19
126 29 122 37
76 54 72 46
79 18 83 26
120 8 125 15
72 14 78 8
99 47 107 45
1 70 3 78
197 70 195 78
118 15 114 8
69 95 70 103
70 25 71 17
71 34 72 42
68 83 68 91
179 4 172 1
118 19 115 26
189 96 187 103
9 96 11 103
2 47 3 40
61 33 61 26
83 9 80 15
46 26 49 20
195 40 195 46
102 2 96 2
163 2 169 2
197 66 197 60
33 33 27 33
183 9 185 14
111 62 116 60
166 46 161 46
23 46 28 46
96 33 101 33
131 70 131 75
97 46 92 46
30 2 35 2
145 38 142 34
54 36 51 39
191 36 188 39
28 1 24 2
108 2 104 1
128 103 128 99
60 20 60 24
141 12 143 9
6 35 8 38
185 56 187 53
151 8 149 11
125 47 124 50
184 26 185 23
1 61 1 58
161 1 158 1
37 1 40 1
18 6 16 8
151 26 153 28
11 54 13 56
54 57 56 55
47 9 45 7
78 39 76 37
7 46 8 44
9 39 11 40
72 33 71 31
9 11 10 9
142 56 141 54
191 35 193 35
67 80 67 82
138 26 138 24
69 94 69 92
92 1 94 1
109 63 107 63
135 41 135 39
72 43 72 45
181 8 182 9
73 14 72 15
77 55 78 56
126 17 126 18
137 20 137 19
3 23 3 24
118 17 118 18
191 13 191 14
97 47 96 47
137 29 137 28
100 46 101 46
169 46 170 46
170 33 169 33
31 46 32 46
4 35 4 34
136 44 136 43
3 31 3 30
194 31 194 31
194 31 194 31
194 31 194 31
194 31 194 31
194 31 194 31
194 31 194 31
194 31 194 31
194 31 194 31
194 31 194 31
194 31 194 31
194 31 194 31
194 31 194 31
71 27 71 27
121 38 121 38
121 38 121 38
121 38 121 38
121 38 121 38
121 38 121 38
121 38 121 38
156 63 156 63
156 63 156 63
156 63 156 63
90 45 90 45
90 45 90 45
90 45 90 45
90 45 90 45
90 45 90 45
90 45 90 45
90 45 90 45
90 45 90 45
94 32 94 32
94 32 94 32
180 30 180 30
167 1 167 1
167 1 167 1
149 22 149 22
149 22 149 22
149 22 149 22
149 22 149 22
149 22 149 22
149 22 149 22
149 22 149 22
21 45 21 45
21 45 21 45
194 19 194 19
71 33 71 33
122 36 122 36
4 17 4 17
12 8 12 8
157 30 157 30
94 32 94 32
21 32 21 32
119 39 119 39
178 31 178 31
90 45 90 45
190 47 190 47
107 32 107 32
55 10 55 10
90 45 90 45
195 27 195 27
90 32 90 32
58 32 58 32
58 12 58 12
176 32 176 32
27 47 27 47
84 27 84 27
121 38 121 38
54 8 54 8
84 8 84 8
150 3 150 3
121 38 121 38
70 29 70 29
73 35 73 35
148 4 148 4
71 27 71 27
147 39 147 39
34 32 34 32
76 38 76 38
49 19 49 19
53 38 53 38
76 9 76 9
189 12 189 12
194 31 194 31
86 5 86 5
59 30 59 30
111 30 111 30
194 31 194 31
183 5 183 5
13 26 13 26
194 25 194 25
194 31 194 31
17 30 17 30
194 31 194 31
194 31 194 31
194 31 194 31
194 31 194 31
194 31 194 31
