82 202
255
29 133 54 133
30 7 55 7
73 94 69 111
75 45 78 29
55 186 41 193
30 58 44 65
21 113 14 99
63 71 49 65
64 176 55 188
65 74 72 87
57 55 70 48
32 193 19 186
71 10 77 23
42 55 29 49
24 51 21 37
10 176 7 162
34 141 22 147
52 147 40 141
68 8 56 2
67 58 55 64
24 72 36 66
21 23 27 11
58 105 46 111
62 116 50 122
20 28 23 41
26 81 23 94
30 125 43 128
66 154 60 143
23 115 34 121
14 143 8 154
14 87 20 76
67 163 64 175
36 4 48 1
33 75 45 72
17 111 24 121
54 126 64 119
14 62 14 74
48 122 36 122
70 167 70 179
11 197 23 197
29 132 41 132
61 200 49 200
53 8 41 8
71 166 71 154
43 181 31 181
36 198 24 198
39 41 50 44
18 139 28 134
35 38 30 28
56 139 46 134
35 12 30 22
48 73 58 78
63 38 53 43
57 165 52 175
30 106 40 111
22 175 17 165
76 101 76 90
37 199 48 199
65 9 54 9
74 114 74 125
66 134 55 134
47 69 36 69
75 102 75 113
72 142 72 153
17 131 28 131
77 89 77 78
69 180 69 191
79 55 79 66
80 43 80 54
66 10 77 10
36 200 25 200
11 177 18 185
75 46 70 55
67 33 69 23
42 192 32 192
63 115 69 107
3 179 3 169
78 77 78 67
14 199 24 199
48 70 58 70
5 148 5 158
47 201 37 201
81 32 81 42
24 96 28 105
21 148 17 157
59 104 63 95
53 148 57 157
53 126 44 128
19 67 28 68
67 71 76 72
10 196 1 196
16 42 16 51
4 159 4 168
18 32 18 23
9 115 9 124
10 105 10 114
15 61 15 52
2 180 2 189
6 147 6 138
11 104 11 95
12 85 12 94
13 84 13 75
19 22 19 13
63 88 59 80
68 21 64 13
29 48 24 41
44 180 51 176
30 180 23 176
14 89 14 97
17 33 17 41
8 130 16 130
5 198 13 198
74 42 69 48
50 56 43 55
72 96 72 89
68 112 65 118
25 52 29 57
43 64 49 66
49 1 55 2
73 126 73 132
68 198 68 192
29 6 23 6
57 158 57 164
73 141 73 135
68 201 62 201
17 158 17 164
31 76 27 80
21 30 20 25
29 124 25 121
67 162 67 157
63 89 63 94
72 135 67 135
7 132 7 137
21 75 25 72
1 190 1 195
20 12 20 7
64 37 66 33
45 193 49 191
22 189 26 191
40 9 36 11
65 75 62 72
41 65 37 66
77 24 78 28
8 125 8 129
30 23 30 27
45 111 41 111
39 141 35 141
54 188 51 190
60 10 63 12
35 5 32 6
34 193 37 194
55 55 52 56
7 159 8 156
6 197 3 197
81 11 78 11
29 47 31 49
58 183 56 185
28 10 30 8
17 140 15 142
57 140 59 142
21 112 22 114
36 39 38 40
22 73 22 75
64 71 66 71
42 123 44 123
48 6 50 6
38 182 36 182
21 24 21 26
50 43 52 43
33 68 35 68
23 147 22 148
57 78 58 79
46 72 47 73
68 57 69 56
52 148 51 147
52 65 53 64
40 193 39 194
20 34 20 33
16 106 16 107
73 92 73 91
17 109 17 110
17 67 18 67
57 8 56 8
66 156 66 157
46 66 46 66
46 66 46 66
46 66 46 66
46 66 46 66
46 66 46 66
46 66 46 66
46 66 46 66
46 66 46 66
46 66 46 66
46 66 46 66
46 66 46 66
46 66 46 66
46 66 46 66
46 66 46 66
46 66 46 66
46 66 46 66
46 66 46 66
46 66 46 66
46 66 46 66
46 66 46 66
46 66 46 66
46 66 46 66
46 66 46 66
46 66 46 66
46 66 46 66
46 66 46 66
46 66 46 66
46 66 46 66
46 66 46 66
25 44 25 44
19 139 19 139
28 180 28 180
63 53 63 53
64 73 64 73
52 67 52 67
31 191 31 191
44 191 44 191
46 66 46 66
37 4 37 4
45 134 45 134
15 183 15 183
52 55 52 55
29 105 29 105
76 42 76 42
7 167 7 167
46 66 46 66
69 9 69 9
54 1 54 1
7 161 7 161
46 66 46 66
28 192 28 192
70 54 70 54
26 121 26 121
46 66 46 66
32 76 32 76
36 121 36 121
10 148 10 148
20 188 20 188
74 43 74 43
76 18 76 18
22 18 22 18
46 66 46 66
15 104 15 104
31 33 31 33
15 100 15 100
46 66 46 66
77 32 77 32
75 40 75 40
54 68 54 68
46 66 46 66
18 170 18 170
