194 175
240
37 142 91 110
132 85 170 62
193 49 183 88
92 144 92 109
104 102 131 86
72 85 91 108
19 112 13 87
171 62 192 49
161 101 182 88
176 47 181 23
26 153 38 169
6 103 18 119
128 47 128 67
24 128 35 143
12 133 23 148
105 30 88 34
193 47 181 35
4 106 8 122
60 64 44 60
143 62 129 55
74 104 67 118
174 9 160 2
154 1 168 8
132 63 142 74
73 87 66 100
22 68 35 61
175 37 162 44
138 7 151 1
43 110 57 107
131 36 125 23
71 49 71 63
139 114 151 107
121 37 109 31
91 31 79 37
145 43 133 37
121 69 109 75
131 8 125 20
158 31 170 25
13 83 19 71
123 125 134 118
107 135 118 128
73 156 84 149
57 166 68 159
160 44 147 44
37 110 25 106
91 93 80 87
85 73 97 76
155 31 143 28
122 85 127 74
181 22 176 11
94 62 106 62
70 73 73 84
173 54 164 61
1 94 3 105
44 127 55 125
27 92 22 82
78 85 73 75
115 37 105 32
143 2 133 7
72 57 77 67
57 68 47 63
115 31 125 26
74 103 74 92
157 63 146 63
124 30 124 41
105 136 96 142
46 173 55 167
34 125 25 120
103 103 94 108
40 96 30 94
119 88 110 92
31 66 40 63
24 127 18 120
141 100 140 109
72 64 72 73
160 102 152 106
58 89 62 81
62 77 58 69
48 95 56 91
93 61 85 57
107 61 115 57
135 17 139 25
127 59 123 67
22 78 26 70
72 48 76 40
65 101 58 106
63 66 69 72
11 131 9 123
145 79 143 87
16 96 20 103
9 90 2 94
172 13 172 21
81 43 81 51
119 49 116 56
138 8 135 15
116 38 119 45
43 60 36 62
176 48 172 54
78 68 84 72
82 40 87 35
43 127 36 126
142 92 141 99
106 76 99 76
100 30 93 30
96 94 103 94
57 124 63 121
91 145 85 148
2 97 6 102
23 118 20 113
140 114 135 117
174 37 178 33
127 47 125 42
180 26 180 21
150 2 155 2
46 63 41 63
46 96 41 96
82 52 84 56
41 173 38 170
120 69 123 66
26 152 23 149
148 1 144 2
127 72 127 68
169 25 171 22
171 12 169 9
23 105 21 102
30 67 27 69
123 39 120 37
129 52 131 55
143 88 142 91
119 127 122 126
69 158 72 157
160 62 163 61
105 93 108 93
79 68 77 66
29 93 27 91
119 87 121 85
175 11 173 9
140 110 139 112
66 119 64 120
142 27 140 26
102 31 104 32
108 31 106 30
21 69 20 71
22 81 22 79
119 48 119 46
95 93 93 93
39 110 41 110
108 75 106 75
62 78 62 80
73 91 73 89
13 84 13 86
44 174 45 173
95 142 94 143
115 56 114 57
131 9 132 8
143 75 144 76
177 35 176 36
64 66 65 67
132 36 132 35
125 28 125 29
82 41 82 42
72 55 72 56
146 43 147 43
77 39 77 38
125 21 125 22
72 49 72 50
46 61 47 61
72 86 72 87
177 45 177 44
61 65 62 65
153 1 152 1
73 96 73 97
43 61 42 61
156 31 157 31
129 57 129 58
57 90 57 89
129 54 129 54
129 54 129 54
129 54 129 54
129 54 129 54
129 54 129 54
129 54 129 54
129 54 129 54
129 54 129 54
129 54 129 54
129 54 129 54
129 54 129 54
129 54 129 54
129 54 129 54
129 54 129 54
129 54 129 54
129 54 129 54
129 54 129 54
129 54 129 54
129 54 129 54
129 54 129 54
129 54 129 54
129 54 129 54
129 54 129 54
126 19 126 19
163 4 163 4
165 29 165 29
165 5 165 5
158 62 158 62
70 75 70 75
69 73 69 73
95 75 95 75
109 92 109 92
20 102 20 102
40 60 40 60
126 24 126 24
70 95 70 95
58 64 58 64
129 54 129 54
90 34 90 34
24 105 24 105
73 74 73 74
129 54 129 54
15 94 15 94
163 30 163 30
127 44 127 44
129 54 129 54
159 2 159 2
127 13 127 13
71 93 71 93
73 78 73 78
35 109 35 109
127 30 127 30
14 90 14 90
129 54 129 54
161 3 161 3
179 30 179 30
93 31 93 31
129 54 129 54
72 83 72 83
13 92 13 92
52 109 52 109
129 54 129 54
22 69 22 69
31 109 31 109
