142 204
206
112 86 56 58
88 143 115 87
140 27 102 9
29 190 1 176
80 161 67 189
75 18 62 46
135 43 122 71
41 90 28 118
57 203 30 190
41 89 54 62
12 153 23 129
50 128 74 139
2 175 12 154
49 128 29 118
71 173 71 154
101 9 85 1
74 56 88 67
54 78 43 92
43 113 54 127
19 147 32 136
87 145 80 160
93 123 100 109
81 18 95 11
75 17 82 3
13 158 13 173
54 113 65 122
78 74 90 80
141 30 135 42
67 190 61 202
121 62 109 68
94 84 100 96
116 25 104 19
122 72 116 84
107 69 94 69
42 109 42 96
55 138 65 146
23 174 31 184
78 21 72 32
50 194 61 188
71 43 74 55
31 149 43 146
85 129 73 132
81 36 86 25
36 136 48 136
93 71 105 71
50 134 38 134
24 156 21 167
53 150 60 159
60 174 53 183
69 178 62 187
75 139 85 144
129 48 124 58
85 117 75 122
129 32 124 22
68 83 58 88
85 88 75 83
116 52 121 42
62 47 57 57
88 24 98 19
54 79 64 74
61 161 61 172
36 186 47 186
91 108 91 97
75 58 82 66
65 147 70 156
28 119 23 128
83 48 81 38
102 59 92 57
56 136 64 142
130 35 130 45
106 58 115 54
64 131 55 127
86 128 93 122
84 49 90 56
119 30 121 39
51 102 53 111
90 97 86 89
14 156 18 148
56 90 52 98
15 178 20 185
90 109 86 116
75 73 67 73
25 155 30 150
43 147 50 148
72 166 72 159
104 11 97 11
101 106 101 99
48 194 41 194
118 63 123 59
107 70 113 68
30 192 36 194
66 122 72 123
71 132 65 131
71 35 71 41
74 52 77 57
52 183 47 185
69 83 74 83
34 135 39 135
87 69 83 66
30 139 34 137
35 185 31 183
54 139 50 137
115 25 118 28
93 68 89 67
69 149 70 153
99 19 103 19
22 172 22 168
49 123 47 120
66 144 68 147
43 96 44 93
15 176 14 173
69 176 70 173
89 70 92 70
100 105 100 108
45 195 42 195
100 100 100 97
121 19 123 21
56 116 58 118
91 81 93 83
105 58 103 59
51 101 52 99
26 190 28 191
106 70 104 70
67 74 65 74
43 111 43 109
12 164 12 166
53 135 51 135
52 150 51 149
27 139 26 140
65 144 64 143
22 143 21 144
80 19 79 20
91 56 90 55
72 51 72 52
129 34 129 35
74 122 73 122
121 40 121 41
60 173 60 172
75 74 76 74
129 45 129 46
72 34 72 35
90 12 90 12
90 12 90 12
90 12 90 12
90 12 90 12
90 12 90 12
90 12 90 12
90 12 90 12
90 12 90 12
90 12 90 12
90 12 90 12
90 12 90 12
90 12 90 12
90 12 90 12
90 12 90 12
90 12 90 12
90 12 90 12
90 12 90 12
90 12 90 12
90 12 90 12
90 12 90 12
90 12 90 12
90 12 90 12
90 12 90 12
90 12 90 12
90 12 90 12
90 12 90 12
90 12 90 12
56 152 56 152
16 150 16 150
48 137 48 137
57 89 57 89
60 160 60 160
90 12 90 12
85 89 85 89
66 132 66 132
98 116 98 116
60 188 60 188
115 14 115 14
25 156 25 156
111 12 111 12
90 12 90 12
85 128 85 128
90 68 90 68
71 47 71 47
90 12 90 12
88 13 88 13
35 147 35 147
88 66 88 66
90 12 90 12
46 87 46 87
27 152 27 152
82 18 82 18
81 37 81 37
73 49 73 49
68 150 68 150
98 89 98 89
90 12 90 12
119 18 119 18
83 75 83 75
96 120 96 120
90 12 90 12
33 136 33 136
54 112 54 112
44 113 44 113
67 148 67 148
