126 209
225
118 191 66 208
45 137 57 167
95 168 125 158
86 75 100 103
65 178 94 168
64 17 64 44
11 80 19 101
33 108 41 128
125 162 121 182
48 2 29 2
117 138 125 155
67 34 75 51
26 91 19 75
64 47 47 51
50 181 56 197
11 35 15 51
114 123 111 139
26 92 32 107
12 55 18 70
40 133 40 149
86 77 86 93
53 118 53 134
59 34 45 41
92 149 106 142
19 102 25 116
50 3 62 12
29 42 44 42
103 104 112 116
36 55 30 68
31 61 18 55
50 48 38 54
30 72 36 84
63 79 75 73
28 41 16 35
28 3 16 9
62 105 74 99
87 101 99 107
85 136 72 133
76 98 89 98
6 41 1 29
78 52 86 62
58 168 62 180
50 110 39 104
79 86 68 92
63 143 74 149
44 90 56 93
54 119 42 122
11 79 6 68
6 42 11 53
68 106 79 101
35 142 39 153
29 126 33 137
44 165 48 176
111 140 109 151
32 92 37 102
54 129 59 139
10 24 15 34
10 20 15 10
74 54 64 49
44 74 54 79
89 150 78 150
32 1 43 1
87 64 87 75
19 14 23 4
102 159 93 164
59 156 54 147
36 29 26 27
37 29 47 27
54 117 58 108
67 129 63 120
90 135 99 131
60 208 57 199
63 119 65 110
2 36 3 45
21 88 21 97
40 68 40 59
55 16 51 24
19 17 23 25
51 6 55 14
104 121 100 129
65 47 73 50
104 119 102 111
78 63 76 71
5 61 4 53
22 106 22 98
41 158 41 150
110 136 105 142
103 158 108 152
91 99 98 102
29 125 26 118
78 62 75 55
121 183 119 190
37 85 43 89
41 57 46 52
86 166 79 166
55 79 62 79
20 80 20 87
59 47 52 47
39 125 39 132
31 84 31 77
113 125 113 118
50 6 44 3
63 26 60 32
85 78 82 84
44 135 42 129
3 46 4 52
11 33 10 27
32 91 32 85
64 93 58 93
80 101 86 101
72 164 67 162
5 62 6 67
60 156 63 160
23 7 27 4
42 160 44 164
61 13 63 17
41 69 43 73
76 51 79 54
30 69 31 73
35 141 33 138
48 177 50 180
86 136 89 135
84 97 85 94
55 111 52 110
91 165 88 165
53 144 53 141
77 165 74 165
19 74 19 71
80 85 82 83
38 85 36 83
66 109 68 107
109 110 107 108
62 142 60 140
16 52 18 54
59 108 61 106
103 105 101 103
57 7 59 9
71 132 69 130
50 25 48 26
39 154 40 156
63 49 61 48
111 116 112 118
100 108 101 110
89 149 91 149
19 78 21 78
78 149 76 149
64 92 66 92
23 107 23 109
10 23 10 21
24 25 25 26
74 55 73 54
75 72 74 73
64 160 65 161
59 33 58 34
41 59 41 58
48 3 49 3
63 46 63 45
37 56 37 55
76 99 75 99
86 63 86 64
29 3 30 3
19 15 19 16
89 99 90 99
38 102 38 103
2 34 2 35
31 63 31 63
31 63 31 63
31 63 31 63
31 63 31 63
31 63 31 63
31 63 31 63
31 63 31 63
31 63 31 63
31 63 31 63
31 63 31 63
31 63 31 63
31 63 31 63
31 63 31 63
31 63 31 63
31 63 31 63
31 63 31 63
31 63 31 63
31 63 31 63
31 63 31 63
31 63 31 63
31 63 31 63
31 63 31 63
31 63 31 63
31 63 31 63
31 63 31 63
31 63 31 63
31 63 31 63
31 63 31 63
54 118 54 118
54 5 54 5
76 70 76 70
68 129 68 129
31 63 31 63
52 48 52 48
17 35 17 35
11 54 11 54
31 63 31 63
21 72 21 72
112 136 112 136
42 88 42 88
31 63 31 63
49 51 49 51
25 3 25 3
26 117 26 117
99 130 99 130
16 53 16 53
11 34 11 34
78 68 78 68
31 63 31 63
20 22 20 22
55 15 55 15
110 137 110 137
31 63 31 63
19 20 19 20
11 19 11 19
76 89 76 89
31 63 31 63
31 67 31 67
47 52 47 52
12 44 12 44
