142 200
278
133 47 100 115
83 2 57 54
87 148 63 198
51 68 30 112
60 199 18 179
20 131 1 171
138 34 122 68
64 128 32 113
89 139 75 169
62 197 75 170
111 94 101 116
97 125 87 147
100 74 78 64
126 18 104 8
88 139 67 129
99 116 90 136
73 45 73 24
73 146 65 128
50 182 67 173
60 56 77 64
44 91 48 109
28 114 20 130
87 1 103 8
17 179 2 171
101 74 115 81
14 158 21 172
127 18 141 25
66 172 73 158
85 121 96 112
80 123 66 123
102 96 96 108
82 50 94 56
24 129 36 123
93 85 87 73
93 68 81 62
84 104 71 107
41 130 54 133
74 49 82 59
24 158 32 168
122 50 111 56
64 62 53 68
80 118 91 112
37 182 26 176
83 29 88 40
82 60 93 65
88 13 99 8
122 56 127 45
23 157 23 145
96 57 108 57
102 83 102 95
79 12 88 5
48 183 37 181
119 8 109 3
58 164 63 154
60 73 70 68
65 117 55 112
58 137 63 147
116 40 106 45
125 46 130 36
99 45 89 40
56 57 51 67
88 100 93 90
69 106 59 101
130 24 130 35
49 122 38 122
14 146 14 157
67 118 78 118
120 9 127 17
110 64 119 59
74 37 79 46
120 35 122 25
53 89 55 79
73 68 83 70
95 66 105 66
70 169 62 174
55 117 63 122
83 26 85 17
42 171 51 169
73 157 73 148
121 23 117 15
58 100 54 92
38 131 30 135
48 104 53 111
33 168 41 171
55 181 62 177
101 117 97 124
28 137 24 144
98 75 101 82
138 33 141 26
54 116 49 111
99 2 106 3
66 133 63 127
25 129 19 132
48 181 42 181
79 61 73 61
57 165 52 168
13 149 13 154
99 3 94 3
100 45 105 45
63 148 63 153
88 6 92 4
121 50 124 47
51 71 54 68
44 86 44 90
129 20 129 24
58 75 56 78
117 39 119 36
92 111 95 109
25 175 22 173
97 111 98 108
100 103 99 106
42 183 39 182
66 62 69 61
50 183 53 182
105 65 108 65
93 86 93 89
103 91 103 88
88 14 86 16
57 136 55 134
85 103 87 101
20 134 22 132
119 58 121 56
81 49 80 47
95 71 94 69
63 176 65 175
84 71 86 72
71 166 70 168
111 10 113 11
116 80 118 80
59 125 59 127
37 123 39 123
109 9 109 11
50 69 52 69
74 22 74 24
51 123 49 123
54 111 53 110
54 91 53 90
84 121 83 122
78 14 79 13
44 97 44 96
72 159 72 158
83 28 83 27
105 2 104 2
47 102 47 101
67 117 66 117
71 106 70 106
72 68 71 68
72 163 72 164
109 56 108 56
131 31 131 30
39 131 40 131
74 46 74 47
78 62 79 62
49 110 49 110
49 110 49 110
49 110 49 110
49 110 49 110
49 110 49 110
49 110 49 110
49 110 49 110
49 110 49 110
49 110 49 110
49 110 49 110
49 110 49 110
49 110 49 110
49 110 49 110
58 163 58 163
75 41 75 41
63 174 63 174
110 4 110 4
96 107 96 107
129 37 129 37
96 56 96 56
82 104 82 104
27 184 27 184
120 72 120 72
134 45 134 45
63 70 63 70
72 145 72 145
76 18 76 18
123 11 123 11
55 196 55 196
96 71 96 71
99 73 99 73
51 194 51 194
19 136 19 136
75 20 75 20
19 180 19 180
76 53 76 53
113 90 113 90
47 192 47 192
25 161 25 161
101 97 101 97
61 126 61 126
44 183 44 183
23 173 23 173
125 45 125 45
105 9 105 9
107 10 107 10
60 101 60 101
46 104 46 104
57 197 57 197
81 122 81 122
92 10 92 10
15 144 15 144
47 75 47 75
61 140 61 140
29 179 29 179
94 65 94 65
77 16 77 16
72 141 72 141
112 5 112 5
18 169 18 169
21 181 21 181
117 78 117 78
23 182 23 182
49 193 49 193
52 115 52 115
101 79 101 79
86 116 86 116
101 101 101 101
24 157 24 157
59 198 59 198
61 175 61 175
58 138 58 138
121 70 121 70
92 68 92 68
137 35 137 35
112 92 112 92
87 74 87 74
115 86 115 86
69 135 69 135
118 76 118 76
36 170 36 170
48 73 48 73
119 74 119 74
51 180 51 180
68 62 68 62
65 173 65 173
108 3 108 3
29 136 29 136
55 123 55 123
45 79 45 79
66 129 66 129
28 165 28 165
49 110 49 110
15 163 15 163
84 34 84 34
65 122 65 122
49 110 49 110
135 39 135 39
28 138 28 138
116 84 116 84
49 110 49 110
100 77 100 77
49 110 49 110
49 110 49 110
49 110 49 110
49 110 49 110
49 110 49 110
49 110 49 110
49 110 49 110
49 110 49 110
49 110 49 110
49 110 49 110
49 110 49 110
49 110 49 110
49 110 49 110
49 110 49 110
49 110 49 110
49 110 49 110
49 110 49 110
49 110 49 110
49 110 49 110
49 110 49 110
49 110 49 110
49 110 49 110
49 110 49 110
