193 126
220
126 83 126 108
71 28 67 48
138 15 156 6
162 68 182 68
161 67 141 67
116 65 97 65
53 61 34 61
14 60 33 60
77 64 96 64
87 5 72 16
144 34 162 38
20 117 38 117
138 124 156 124
175 125 157 125
35 32 52 28
63 66 67 49
9 14 22 3
64 91 64 74
56 118 39 118
44 1 27 1
63 29 63 46
65 92 65 109
175 37 190 30
48 3 61 13
90 61 106 61
127 82 127 66
124 50 124 34
71 26 85 33
129 55 129 40
72 35 72 50
125 18 125 33
21 31 8 24
62 28 62 14
42 58 28 58
125 109 125 123
138 57 150 63
176 9 163 6
112 19 99 22
84 19 97 22
150 22 163 25
112 6 99 3
33 19 46 16
77 120 90 120
91 121 104 121
2 53 7 41
118 122 105 122
189 32 191 44
92 35 104 35
176 63 185 56
120 55 110 60
86 60 76 55
24 57 14 52
121 28 111 33
8 116 19 116
134 40 134 29
53 27 61 20
51 55 60 50
88 5 98 3
31 32 21 30
166 25 176 23
192 61 192 51
13 59 3 59
130 66 140 66
66 63 76 63
188 102 187 111
190 87 189 96
2 73 3 82
192 71 191 80
5 94 6 103
10 37 11 46
163 38 172 38
126 66 117 66
128 123 137 123
57 119 66 119
192 69 183 69
135 19 135 28
190 25 186 17
133 48 137 56
17 14 25 18
9 15 7 23
154 64 162 65
7 107 8 115
137 29 144 33
143 13 147 20
9 34 8 26
66 118 66 110
62 62 54 62
130 39 130 31
128 56 128 64
124 16 118 11
178 10 182 16
171 64 164 65
187 112 186 119
109 34 102 34
188 39 188 46
76 119 69 119
71 18 71 25
58 9 61 15
116 13 113 7
83 18 80 12
32 19 26 18
4 89 3 83
52 7 51 13
43 57 49 56
133 41 133 47
63 73 63 67
187 53 187 47
93 34 87 34
1 65 1 71
136 17 141 14
186 120 185 125
190 86 191 81
157 6 162 6
124 123 119 123
191 45 191 50
11 47 13 51
190 26 188 30
189 97 188 101
16 13 16 9
114 17 116 14
138 29 136 26
60 49 62 46
121 54 123 51
180 20 177 22
75 54 73 51
50 13 47 15
124 24 122 27
147 19 150 21
74 27 72 24
4 90 5 93
175 63 172 64
47 3 44 2
26 2 23 3
9 24 8 21
171 37 174 37
57 25 59 23
7 106 6 104
1 56 2 54
25 57 27 57
86 6 84 6
145 12 145 14
181 19 181 17
10 14 11 13
50 5 51 6
178 11 177 10
9 35 10 36
10 24 11 25
81 10 80 11
152 63 153 64
189 38 189 37
184 16 185 16
88 60 89 60
165 25 164 25
186 55 186 54
124 18 124 17
190 28 190 29
71 34 71 33
61 18 61 19
190 35 190 34
33 32 32 32
113 18 112 18
7 18 7 19
56 8 57 8
36 31 37 31
134 47 134 46
107 60 108 60
136 18 136 19
176 36 176 36
176 36 176 36
176 36 176 36
176 36 176 36
176 36 176 36
176 36 176 36
176 36 176 36
176 36 176 36
176 36 176 36
176 36 176 36
176 36 176 36
176 36 176 36
176 36 176 36
176 36 176 36
176 36 176 36
176 36 176 36
176 36 176 36
176 36 176 36
176 36 176 36
176 36 176 36
176 36 176 36
176 36 176 36
176 36 176 36
176 36 176 36
27 2 27 2
80 15 80 15
52 27 52 27
157 38 157 38
152 37 152 37
186 18 186 18
176 36 176 36
112 7 112 7
43 31 43 31
110 33 110 33
176 36 176 36
155 7 155 7
93 3 93 3
184 58 184 58
176 36 176 36
149 8 149 8
110 6 110 6
84 18 84 18
189 20 189 20
182 35 182 35
159 37 159 37
147 9 147 9
176 36 176 36
72 17 72 17
180 36 180 36
119 55 119 55
176 36 176 36
182 60 182 60
128 31 128 31
