190 176
225
189 129 165 158
152 92 173 110
64 18 85 36
56 97 77 115
104 137 125 155
28 17 10 38
121 109 103 130
6 55 27 73
81 55 63 76
96 45 117 63
80 117 101 135
30 75 51 92
140 86 123 106
120 65 140 82
43 1 61 16
165 157 151 175
126 156 143 170
74 49 70 31
145 102 163 106
91 59 75 67
38 73 22 65
127 152 119 136
176 112 189 123
40 3 29 16
74 68 67 83
61 67 47 74
167 109 177 121
61 79 51 91
69 100 78 112
126 88 123 102
98 118 84 115
121 117 118 131
62 21 50 15
103 117 115 111
65 67 53 73
57 57 45 63
142 104 130 110
31 17 44 14
136 159 149 162
14 37 14 50
133 144 143 152
90 44 82 54
114 65 103 59
120 126 126 115
95 68 107 71
133 123 130 135
151 162 163 159
45 23 56 28
142 84 151 91
158 152 167 145
129 108 139 103
82 74 92 69
110 103 100 108
83 103 93 108
66 63 71 53
111 75 116 85
29 58 39 63
124 79 119 69
146 114 136 119
111 102 116 92
170 139 170 128
8 41 1 49
20 62 15 53
179 131 177 141
33 25 43 23
78 80 76 90
122 102 116 110
158 115 166 121
69 30 63 22
145 153 155 153
62 47 58 56
73 53 69 62
62 39 58 30
25 32 32 26
127 151 133 158
24 35 22 44
92 59 101 59
147 114 156 114
81 101 77 93
27 56 23 48
127 109 122 116
69 99 67 91
72 43 72 51
120 136 120 128
177 123 179 130
131 136 133 143
39 73 46 74
167 122 169 128
73 38 74 44
126 87 125 81
42 15 48 15
101 117 95 117
62 40 62 46
67 84 67 90
25 21 30 18
78 111 83 114
169 139 167 144
148 103 143 104
99 108 94 108
116 91 116 86
79 79 81 75
15 36 17 32
87 37 90 40
1 51 4 54
40 63 44 63
44 73 48 73
52 94 55 96
107 72 110 74
134 121 137 119
95 44 92 42
147 173 144 171
62 66 65 64
127 114 129 111
139 104 142 102
166 109 163 107
171 153 173 150
118 69 116 66
73 48 74 51
68 64 66 66
23 65 21 63
102 131 101 133
26 32 25 34
52 73 50 74
133 157 135 158
23 47 22 45
75 69 76 67
176 146 176 144
137 149 136 148
167 155 168 154
83 74 82 75
76 91 77 92
119 133 118 132
56 29 57 30
122 108 122 107
63 17 62 17
147 104 146 104
175 111 174 111
79 116 78 116
94 69 93 69
15 50 15 51
103 136 102 136
156 115 157 115
29 74 28 74
9 40 9 39
155 103 156 103
118 64 119 64
62 77 62 78
156 152 157 152
144 162 144 162
144 162 144 162
144 162 144 162
144 162 144 162
144 162 144 162
144 162 144 162
144 162 144 162
144 162 144 162
144 162 144 162
144 162 144 162
144 162 144 162
144 162 144 162
144 162 144 162
144 162 144 162
144 162 144 162
144 162 144 162
144 162 144 162
144 162 144 162
144 162 144 162
144 162 144 162
144 162 144 162
144 162 144 162
144 162 144 162
144 162 144 162
144 162 144 162
144 162 144 162
144 162 144 162
144 162 144 162
140 151 140 151
110 102 110 102
69 76 69 76
5 54 5 54
81 114 81 114
174 116 174 116
68 82 68 82
73 52 73 52
125 91 125 91
31 71 31 71
71 72 71 72
28 30 28 30
69 98 69 98
114 78 114 78
172 149 172 149
90 60 90 60
148 174 148 174
37 72 37 72
77 81 77 81
21 64 21 64
144 152 144 152
144 162 144 162
86 106 86 106
51 16 51 16
71 51 71 51
144 162 144 162
128 109 128 109
71 104 71 104
121 139 121 139
144 162 144 162
104 116 104 116
33 72 33 72
72 36 72 36
103 60 103 60
178 141 178 141
133 109 133 109
56 57 56 57
144 162 144 162
115 66 115 66
176 121 176 121
114 111 114 111
144 162 144 162
41 74 41 74
152 104 152 104
28 57 28 57
144 162 144 162
162 150 162 150
27 69 27 69
144 102 144 102
