193 175
251
63 85 101 107
102 144 102 108
117 117 147 135
3 59 10 87
175 111 181 85
184 107 169 127
66 46 66 67
169 150 157 167
62 84 44 74
122 67 122 47
183 130 188 111
25 96 41 106
63 61 51 75
116 92 104 106
86 30 70 38
28 64 43 73
42 1 25 5
143 60 128 67
16 41 13 25
102 30 116 37
86 75 72 68
2 45 13 34
172 145 181 133
160 140 169 128
120 106 120 91
131 102 144 109
115 68 102 75
160 109 146 109
192 95 184 106
127 98 121 86
63 34 69 22
20 37 32 43
172 79 166 67
148 95 136 89
92 93 79 90
163 65 150 62
41 44 54 41
96 93 109 90
45 1 58 4
124 72 121 85
116 153 127 160
61 118 72 125
77 128 88 135
157 60 144 60
46 30 33 30
162 124 172 116
173 102 162 108
191 93 180 87
127 117 137 124
92 62 104 60
35 62 24 57
100 75 88 75
100 31 88 31
159 142 149 136
69 25 79 31
105 110 115 116
10 53 20 59
48 29 57 22
72 84 67 74
145 63 135 68
88 61 78 56
169 66 159 61
180 81 175 71
52 61 62 56
167 90 157 95
121 74 116 84
99 142 90 136
14 89 23 95
146 172 137 166
103 31 111 38
77 38 85 31
61 7 68 15
154 126 144 126
99 29 89 29
28 5 22 13
136 62 127 58
19 51 16 42
43 1 52 4
111 150 103 145
54 114 46 109
49 78 51 87
191 101 189 110
59 18 57 9
132 73 132 82
75 42 75 51
125 115 121 107
172 81 168 89
113 48 109 56
14 19 18 11
25 25 33 29
67 60 72 67
128 161 135 165
9 52 2 48
52 96 51 88
121 59 117 66
53 100 53 108
65 50 65 58
62 35 56 40
121 46 118 39
67 46 70 39
23 23 21 16
178 95 174 101
156 168 152 174
36 62 43 63
14 28 13 21
2 58 1 51
156 95 149 95
123 51 123 58
68 23 68 16
25 6 19 9
15 30 18 36
27 63 21 60
73 85 78 89
110 89 115 85
111 39 113 45
33 43 39 44
70 30 70 36
76 51 79 56
136 88 133 83
20 52 24 56
170 67 174 70
67 68 67 73
121 68 121 73
125 72 128 68
45 62 50 62
60 117 56 115
135 69 133 73
56 22 58 18
104 59 108 57
56 8 53 5
26 8 29 5
139 125 143 125
180 86 180 82
172 115 174 112
78 38 76 41
172 146 170 149
100 32 103 33
73 126 76 127
146 63 149 62
42 107 45 108
115 152 112 151
39 2 42 2
98 30 101 30
156 125 159 125
90 30 87 30
54 109 54 112
164 66 166 68
73 37 71 39
117 39 115 37
130 101 128 99
147 172 149 174
116 67 114 68
62 55 64 54
58 5 60 6
89 61 91 62
69 29 69 27
14 20 14 22
33 2 31 2
93 93 95 93
52 97 52 99
64 9 65 10
181 132 182 131
12 88 13 89
101 143 100 142
122 87 122 86
113 47 113 46
22 14 22 15
121 89 121 90
35 1 36 1
87 32 86 32
69 21 69 20
159 144 159 143
158 61 157 61
47 29 46 29
20 10 19 10
110 72 110 72
110 72 110 72
110 72 110 72
110 72 110 72
110 72 110 72
110 72 110 72
110 72 110 72
110 72 110 72
110 72 110 72
110 72 110 72
110 72 110 72
110 72 110 72
110 72 110 72
110 72 110 72
110 72 110 72
110 72 110 72
110 72 110 72
110 72 110 72
110 72 110 72
110 72 110 72
110 72 110 72
110 72 110 72
110 72 110 72
110 72 110 72
110 72 110 72
110 72 110 72
110 72 110 72
110 72 110 72
110 72 110 72
110 72 110 72
170 72 170 72
179 92 179 92
125 71 125 71
73 67 73 67
80 73 80 73
67 59 67 59
164 93 164 93
171 74 171 74
110 72 110 72
59 13 59 13
129 68 129 68
179 80 179 80
110 72 110 72
175 72 175 72
121 80 121 80
101 60 101 60
110 72 110 72
69 36 69 36
56 4 56 4
178 96 178 96
15 32 15 32
122 76 122 76
126 116 126 116
31 4 31 4
110 72 110 72
68 61 68 61
172 102 172 102
112 53 112 53
110 72 110 72
137 89 137 89
51 41 51 41
36 44 36 44
110 72 110 72
171 67 171 67
67 29 67 29
24 24 24 24
160 108 160 108
142 61 142 61
181 84 181 84
76 53 76 53
110 72 110 72
18 12 18 12
136 68 136 68
138 61 138 61
110 72 110 72
124 74 124 74
