81 210
243
5 139 9 121
16 83 16 65
28 8 21 23
49 1 65 4
46 104 30 104
76 32 76 16
68 123 68 139
11 115 24 106
57 41 71 34
53 50 67 56
50 117 35 117
74 111 74 126
19 116 34 116
51 118 66 118
17 149 8 137
67 151 67 136
34 4 48 1
28 52 42 49
67 87 73 74
80 44 80 30
24 32 24 46
79 45 79 59
65 88 53 94
67 58 73 70
36 39 49 42
33 79 46 82
61 26 48 29
50 139 37 142
71 155 71 168
73 127 73 140
78 60 78 73
72 141 72 154
51 95 38 95
10 175 23 175
50 178 63 178
49 154 60 148
35 94 24 89
32 107 44 107
50 51 38 51
24 176 36 176
76 86 76 98
37 177 49 177
68 6 75 15
54 107 63 114
53 52 62 59
29 108 20 115
35 23 45 28
61 162 66 152
70 53 75 43
18 150 28 155
66 104 71 94
22 87 17 77
59 76 49 81
22 136 32 141
32 156 43 156
50 209 61 209
75 99 75 110
26 207 37 207
17 84 17 95
14 206 25 206
77 74 77 85
38 208 49 208
51 169 60 163
27 59 35 52
19 132 17 122
11 155 9 145
16 163 24 169
21 58 17 67
23 24 27 33
3 189 4 198
3 151 2 160
13 85 12 94
20 32 19 41
15 71 14 80
18 46 17 55
11 100 10 109
1 174 2 183
63 71 63 62
69 194 69 185
68 195 68 204
18 96 22 104
53 112 45 108
36 5 32 13
58 127 54 135
68 14 64 6
54 113 58 121
64 24 68 16
25 68 29 76
61 147 66 140
26 169 34 171
45 171 37 172
13 205 5 205
72 79 72 87
8 136 8 128
53 107 46 105
7 124 8 117
32 14 33 21
70 176 70 169
43 49 50 49
66 119 73 119
35 38 29 35
75 27 72 33
29 53 23 56
12 157 16 162
10 119 14 114
21 25 20 31
56 41 50 42
25 66 26 60
16 62 17 56
1 163 1 169
4 148 4 142
70 179 64 179
9 174 3 174
64 106 59 109
19 117 18 122
4 199 5 204
10 110 9 115
33 5 29 8
71 93 71 88
27 51 25 47
62 71 60 75
62 60 59 57
29 75 32 78
23 136 20 133
64 56 67 59
8 140 9 136
73 73 72 69
12 95 11 99
2 184 3 188
58 126 58 122
43 155 47 155
18 115 14 115
77 25 77 21
70 180 70 184
23 27 23 31
67 209 67 205
39 4 36 6
68 7 65 5
60 4 63 6
58 3 61 2
46 171 49 170
66 120 67 123
35 51 38 52
14 81 13 84
36 142 33 141
18 45 19 42
26 106 29 105
9 141 9 144
49 50 52 50
23 23 23 20
75 33 75 36
65 117 63 115
22 86 24 88
64 23 62 25
24 56 22 58
51 138 53 136
31 108 29 109
74 12 73 10
6 128 6 130
48 28 46 28
56 1 54 1
32 155 30 155
37 103 39 103
69 54 68 55
28 33 29 34
70 34 71 33
65 87 66 86
39 2 38 2
73 78 73 77
72 75 72 74
59 124 59 125
37 94 38 94
5 141 5 140
2 161 2 162
52 52 51 52
69 130 69 129
48 81 47 81
46 41 47 41
24 105 23 105
7 126 7 125
15 70 15 69
3 149 3 150
75 29 75 29
75 29 75 29
75 29 75 29
75 29 75 29
75 29 75 29
75 29 75 29
75 29 75 29
75 29 75 29
75 29 75 29
75 29 75 29
75 29 75 29
75 29 75 29
75 29 75 29
75 29 75 29
75 29 75 29
75 29 75 29
75 29 75 29
75 29 75 29
75 29 75 29
75 29 75 29
75 29 75 29
75 29 75 29
75 29 75 29
75 29 75 29
75 29 75 29
75 29 75 29
75 29 75 29
75 29 75 29
26 10 26 10
72 65 72 65
26 89 26 89
75 29 75 29
75 16 75 16
32 5 32 5
65 105 65 105
75 29 75 29
71 8 71 8
34 22 34 22
21 135 21 135
75 29 75 29
66 57 66 57
64 7 64 7
50 105 50 105
31 52 31 52
10 139 10 139
17 80 17 80
24 29 24 29
75 29 75 29
18 62 18 62
66 38 66 38
41 3 41 3
75 29 75 29
29 9 29 9
35 53 35 53
52 112 52 112
75 29 75 29
24 14 24 14
23 16 23 16
18 82 18 82
25 67 25 67
45 2 45 2
