113 211
238
31 133 92 118
74 60 15 75
39 176 29 136
39 164 31 132
24 108 16 77
8 50 1 21
47 193 40 165
58 193 86 186
91 105 83 79
107 195 81 202
111 179 87 185
22 16 46 11
65 19 65 43
15 74 9 51
25 109 30 131
9 27 13 49
43 138 43 160
51 210 72 205
104 145 99 166
72 45 66 25
103 143 97 123
16 89 11 69
22 111 27 131
2 21 21 16
44 1 61 9
44 192 49 210
46 49 28 49
4 37 7 54
33 64 48 57
31 1 17 8
33 102 47 109
17 88 20 103
53 168 66 175
81 74 77 60
68 107 54 110
40 177 43 191
100 159 91 170
90 178 98 167
51 61 39 67
27 100 33 112
57 97 69 91
64 45 58 57
94 145 88 157
77 100 83 88
44 154 50 166
72 117 59 120
9 23 12 36
67 162 80 162
46 168 54 178
15 53 25 61
106 152 109 164
10 68 7 56
34 37 46 35
27 96 25 84
112 183 107 194
68 175 80 175
53 149 53 137
72 46 76 57
88 121 97 128
94 144 91 133
24 47 15 40
56 21 51 31
59 41 64 31
46 120 36 115
31 67 26 77
18 22 23 32
69 67 74 77
56 43 46 48
59 9 64 19
32 4 43 4
36 86 43 94
82 125 90 132
26 6 19 14
57 8 47 11
55 178 64 183
84 119 74 117
82 96 80 106
45 95 55 97
34 102 28 94
57 121 49 127
42 153 42 143
42 1 32 1
35 84 35 74
60 127 54 135
70 90 74 81
52 9 56 18
57 194 48 196
112 174 110 165
24 32 32 36
10 20 14 12
79 107 74 114
69 106 76 101
94 114 91 106
60 57 68 59
66 161 59 157
54 61 62 62
32 145 31 137
49 57 57 57
73 62 78 68
87 158 80 161
47 130 44 137
66 183 73 184
16 80 17 87
80 203 73 204
90 170 84 173
44 5 50 8
54 149 57 155
75 123 81 125
48 121 54 121
58 56 52 56
97 122 95 117
31 5 26 7
32 63 27 62
20 105 21 110
48 109 53 110
80 183 75 183
34 50 39 50
52 167 49 163
46 167 44 163
50 32 46 34
95 167 98 164
95 127 98 130
82 74 83 78
83 91 82 95
103 144 103 148
83 83 83 87
65 64 68 66
86 180 89 178
31 68 33 65
25 47 28 48
25 81 26 78
67 60 70 60
10 24 10 21
28 132 28 135
18 18 18 21
71 116 73 114
59 40 57 42
49 128 51 126
88 122 86 121
40 67 38 68
84 181 82 182
59 121 57 122
13 37 14 39
20 14 19 16
15 52 14 50
15 11 16 9
37 71 36 73
74 78 74 80
82 174 80 174
105 149 105 151
18 91 18 89
33 149 33 147
26 95 26 93
61 10 59 10
27 97 27 99
101 138 102 137
99 164 98 163
73 63 72 62
34 113 35 114
61 127 60 128
12 41 12 40
19 95 19 94
64 21 64 20
34 36 33 36
3 33 3 34
56 20 56 19
53 61 52 61
81 71 81 72
34 153 34 153
34 153 34 153
34 153 34 153
34 153 34 153
34 153 34 153
34 153 34 153
34 153 34 153
34 153 34 153
34 153 34 153
34 153 34 153
34 153 34 153
34 153 34 153
34 153 34 153
34 153 34 153
34 153 34 153
34 153 34 153
34 153 34 153
34 153 34 153
34 153 34 153
34 153 34 153
34 153 34 153
34 153 34 153
34 153 34 153
34 153 34 153
34 153 34 153
34 153 34 153
34 153 34 153
34 153 34 153
34 153 34 153
34 153 34 153
34 153 34 153
102 141 102 141
26 87 26 87
54 136 54 136
80 68 80 68
99 132 99 132
2 29 2 29
34 153 34 153
41 59 41 59
81 118 81 118
52 109 52 109
63 118 63 118
14 13 14 13
44 94 44 94
79 70 79 70
34 153 34 153
76 124 76 124
27 91 27 91
64 16 64 16
34 153 34 153
25 89 25 89
63 14 63 14
29 97 29 97
34 153 34 153
57 109 57 109
72 70 72 70
64 95 64 95
78 67 78 67
66 94 66 94
47 120 47 120
39 60 39 60
34 153 34 153
54 28 54 28
87 157 87 157
85 84 85 84
34 153 34 153
92 152 92 152
43 58 43 58
60 7 60 7
17 93 17 93
