80 193
166
3 89 3 53
4 68 4 104
5 119 5 84
71 94 79 128
8 126 8 157
7 143 7 113
2 44 2 69
62 44 62 64
55 14 55 33
11 79 11 97
23 60 7 52
5 13 19 2
12 115 12 98
77 160 77 177
78 142 78 159
21 32 37 28
5 36 9 52
41 2 54 12
48 32 61 42
17 133 33 133
50 132 34 132
51 131 67 131
49 101 33 101
70 98 70 114
67 93 53 100
15 93 29 100
49 65 63 72
4 20 18 27
6 114 6 99
65 190 50 190
19 192 34 192
16 121 29 128
1 34 1 48
35 191 49 191
32 65 20 71
41 27 53 21
55 84 42 87
53 58 40 61
27 84 40 87
47 129 34 129
10 172 10 185
41 48 28 48
36 16 23 16
8 74 8 61
9 171 9 158
38 61 26 61
22 28 34 28
47 64 35 64
71 93 71 81
36 29 47 32
54 127 64 122
6 120 6 131
58 38 56 28
63 60 65 70
18 72 12 80
52 43 43 47
4 24 5 33
66 189 75 189
79 132 79 141
76 178 76 187
46 11 38 15
18 43 26 47
13 11 21 15
54 57 61 52
70 80 65 73
6 11 4 19
76 130 68 130
19 33 16 40
8 46 11 39
21 78 21 71
9 134 16 134
66 120 69 114
58 82 61 76
40 2 34 1
26 1 20 2
11 186 11 192
7 60 7 54
68 92 70 87
26 83 22 80
51 35 53 39
12 88 14 92
59 71 61 75
10 79 9 75
19 43 17 40
54 18 52 21
47 8 45 11
5 18 7 21
15 119 13 116
14 11 13 8
19 27 22 27
49 128 52 128
37 27 40 27
58 81 56 83
52 42 53 40
23 70 22 72
60 52 61 50
9 51 10 53
14 38 12 39
61 44 60 42
32 100 30 100
24 60 26 60
7 49 7 51
33 128 31 128
13 77 12 78
64 73 65 74
68 76 69 77
22 79 23 80
5 35 5 34
51 100 52 100
27 47 28 47
20 33 21 33
54 14 54 13
34 65 33 65
4 22 4 23
6 39 6 39
37 15 37 15
14 75 14 75
37 86 37 86
27 1 27 1
9 41 9 41
5 41 5 41
42 47 42 47
54 66 54 66
55 56 55 56
48 65 48 65
7 12 7 12
19 72 19 72
17 26 17 26
17 26 17 26
17 26 17 26
17 26 17 26
17 26 17 26
17 26 17 26
17 26 17 26
17 26 17 26
17 26 17 26
17 26 17 26
17 26 17 26
17 26 17 26
50 34 50 34
50 34 50 34
50 34 50 34
50 34 50 34
50 34 50 34
50 34 50 34
50 34 50 34
50 34 50 34
50 34 50 34
50 34 50 34
50 34 50 34
41 87 41 87
41 87 41 87
8 47 8 47
17 26 17 26
46 7 46 7
42 26 42 26
22 59 22 59
17 26 17 26
49 9 49 9
17 42 17 42
28 99 28 99
16 93 16 93
17 74 17 74
8 43 8 43
6 45 6 45
18 59 18 59
