69 208
206
1 193 67 193
2 128 66 128
67 68 4 68
5 13 63 13
2 158 2 114
4 42 4 85
1 159 1 190
3 113 3 86
68 83 68 110
5 41 5 15
67 40 67 66
66 39 66 13
63 38 63 19
64 96 64 78
9 166 22 177
27 1 44 1
29 111 14 104
60 100 47 110
66 155 59 169
42 49 56 42
15 42 29 49
58 130 65 144
35 121 49 124
9 171 18 182
5 207 1 194
8 102 14 114
15 8 27 2
32 36 20 30
12 101 6 89
63 102 57 114
6 143 12 131
43 59 55 65
44 2 56 8
42 187 54 181
9 73 6 86
22 61 35 58
5 145 5 158
43 111 30 111
42 179 29 179
67 82 67 69
8 19 8 32
35 188 23 185
26 97 38 99
17 127 28 122
49 177 58 170
12 52 20 60
44 122 54 117
63 167 58 177
21 9 31 4
40 4 50 9
56 144 51 134
40 98 50 93
15 150 20 160
51 160 56 150
15 144 20 134
50 31 40 36
62 44 57 54
41 63 30 63
44 165 34 167
17 15 17 25
58 40 62 31
9 31 13 40
20 69 16 78
51 92 55 83
66 207 68 198
18 90 16 81
31 49 40 49
63 92 63 101
63 77 59 69
10 165 6 157
42 129 50 133
30 166 22 162
55 78 51 70
14 67 21 62
11 50 9 42
66 146 66 154
65 90 65 82
19 91 25 96
54 23 51 30
18 118 25 121
22 67 29 64
49 67 42 64
12 11 9 18
64 23 64 30
54 15 54 22
28 129 22 132
7 94 8 100
33 36 39 36
59 100 62 95
55 57 50 60
54 127 49 125
22 176 27 178
43 178 48 176
42 59 37 58
34 121 29 122
7 165 6 160
64 165 65 160
62 38 62 43
45 164 49 162
18 25 20 29
57 9 60 12
52 12 49 9
19 12 22 9
35 3 39 4
62 18 61 14
15 145 15 149
56 145 56 149
18 117 15 115
13 102 16 104
19 182 22 184
10 72 12 69
12 132 14 129
7 90 6 87
43 110 46 110
9 34 9 37
55 79 55 82
37 127 34 127
57 40 55 42
14 40 16 42
57 178 55 180
56 115 54 116
33 167 31 166
14 9 13 11
56 66 58 67
34 4 32 4
57 129 57 131
8 169 8 167
13 69 13 67
39 187 41 187
49 31 50 30
54 106 55 105
14 172 13 171
19 90 20 91
55 56 56 55
65 145 65 146
65 156 65 155
33 112 34 112
33 59 32 59
18 14 18 15
6 144 6 145
38 59 39 59
37 112 38 112
53 14 53 15
7 87 7 86
16 79 16 80
49 161 50 161
38 98 39 98
7 26 7 25
55 8 55 8
55 8 55 8
55 8 55 8
55 8 55 8
55 8 55 8
55 8 55 8
55 8 55 8
55 8 55 8
55 8 55 8
55 8 55 8
55 8 55 8
55 8 55 8
55 8 55 8
55 8 55 8
55 8 55 8
55 8 55 8
55 8 55 8
55 8 55 8
55 8 55 8
55 8 55 8
55 8 55 8
55 8 55 8
55 8 55 8
55 8 55 8
55 8 55 8
55 8 55 8
56 129 56 129
51 10 51 10
25 34 25 34
41 64 41 64
17 157 17 157
50 134 50 134
28 48 28 48
55 8 55 8
17 58 17 58
59 12 59 12
20 10 20 10
55 8 55 8
58 69 58 69
12 51 12 51
20 46 20 46
55 8 55 8
61 36 61 36
18 107 18 107
62 34 62 34
49 47 49 47
58 131 58 131
53 90 53 90
44 60 44 60
55 8 55 8
62 97 62 97
28 110 28 110
49 108 49 108
55 8 55 8
7 97 7 97
22 109 22 109
38 122 38 122
62 135 62 135
