175 193
256
118 67 87 43
52 93 77 113
11 143 32 161
136 80 131 107
64 91 75 114
105 21 105 45
1 135 12 156
162 24 158 46
95 127 95 149
153 82 139 98
32 173 48 187
117 102 103 118
33 162 49 175
24 110 38 96
10 125 24 111
38 95 52 81
17 133 26 150
93 125 78 113
134 79 119 68
13 157 27 169
130 87 118 101
23 102 15 118
168 61 173 44
88 42 100 30
52 149 36 149
62 65 62 81
126 1 112 8
167 65 157 77
90 155 80 166
168 44 158 55
76 149 66 160
68 180 58 191
126 113 116 124
90 133 80 144
155 59 145 70
111 130 101 141
71 91 84 98
70 52 83 46
59 146 70 137
113 54 120 66
62 165 53 175
65 99 53 93
106 29 112 41
120 75 114 87
42 137 55 134
116 96 119 83
76 124 76 137
21 139 31 147
38 93 27 99
111 91 100 97
153 7 160 17
138 37 149 32
120 32 131 37
60 104 65 115
60 130 65 119
79 167 71 176
128 50 140 50
145 61 154 54
99 51 108 58
99 46 109 51
152 44 142 49
105 80 95 85
39 136 29 131
76 55 71 65
43 98 54 100
63 78 68 88
126 49 116 44
87 85 77 80
63 65 68 55
120 8 115 18
153 19 148 9
86 98 97 98
75 127 75 116
128 4 139 4
110 62 110 73
62 155 70 148
110 103 101 108
82 51 92 49
165 29 173 35
127 64 137 64
41 93 51 93
10 126 3 133
59 73 52 80
75 105 84 109
24 121 28 130
144 71 138 78
117 28 115 19
71 147 75 139
40 99 32 103
149 31 153 23
71 70 75 78
24 115 28 107
106 19 110 11
159 36 154 43
17 131 15 123
91 110 99 109
152 7 145 3
102 119 97 125
174 37 169 43
133 105 138 99
38 157 31 154
140 5 147 8
41 158 48 159
4 137 9 142
91 45 98 46
64 89 63 82
109 73 106 79
121 8 127 5
81 52 76 56
54 192 49 188
111 102 115 97
135 81 131 86
100 142 96 147
53 158 59 156
157 47 155 53
120 62 126 63
94 85 88 85
69 100 73 104
143 62 138 63
15 122 16 117
143 2 138 1
120 74 120 69
50 92 46 89
112 129 115 125
69 104 66 100
161 24 161 19
137 37 132 37
94 150 91 153
94 128 91 131
69 137 72 134
56 133 59 130
130 108 127 111
23 103 26 100
74 127 73 131
97 50 93 50
24 120 24 116
154 81 156 78
79 145 77 148
65 161 63 164
69 54 72 52
28 170 31 172
55 101 58 103
54 148 57 147
88 110 85 109
36 148 33 147
173 43 174 40
85 46 88 45
46 150 43 150
130 1 127 1
71 69 71 66
106 20 106 23
29 152 27 150
111 10 113 8
106 78 104 80
120 31 118 29
156 58 157 56
115 43 113 42
69 179 70 177
167 64 168 62
161 27 162 29
110 52 112 53
113 88 112 90
153 20 153 22
134 1 136 1
52 158 50 158
65 118 65 116
119 80 119 82
106 48 106 46
118 84 118 86
42 98 41 99
40 136 41 137
20 137 21 138
158 13 159 14
69 89 70 90
109 62 109 61
158 42 158 43
98 97 97 97
118 61 119 61
106 28 106 27
51 178 51 177
127 49 128 49
51 136 51 136
51 136 51 136
51 136 51 136
51 136 51 136
51 136 51 136
51 136 51 136
51 136 51 136
51 136 51 136
51 136 51 136
51 136 51 136
51 136 51 136
51 136 51 136
51 136 51 136
51 136 51 136
51 136 51 136
51 136 51 136
51 136 51 136
51 136 51 136
51 136 51 136
51 136 51 136
51 136 51 136
51 136 51 136
51 136 51 136
51 136 51 136
51 136 51 136
51 136 51 136
78 96 78 96
78 96 78 96
80 52 80 52
70 100 70 100
106 95 106 95
143 36 143 36
162 23 162 23
72 106 72 106
119 3 119 3
31 104 31 104
29 106 29 106
151 12 151 12
29 130 29 130
68 87 68 87
78 96 78 96
157 40 157 40
65 91 65 91
3 137 3 137
20 105 20 105
48 98 48 98
159 35 159 35
59 104 59 104
51 136 51 136
75 138 75 138
112 100 112 100
140 49 140 49
51 136 51 136
19 107 19 107
18 109 18 109
76 48 76 48
51 136 51 136
61 155 61 155
38 94 38 94
91 154 91 154
53 134 53 134
152 14 152 14
84 97 84 97
117 59 117 59
51 136 51 136
19 135 19 135
58 132 58 132
65 85 65 85
51 136 51 136
16 113 16 113
82 84 82 84
151 46 151 46
51 136 51 136
157 11 157 11
51 136 51 136
