154 204
275
36 87 70 144
83 51 45 71
144 138 126 111
75 124 103 109
1 31 17 57
20 80 35 105
79 159 92 180
17 58 29 78
100 72 112 90
13 26 17 46
4 42 9 61
10 63 20 79
87 152 79 136
46 71 30 79
66 157 75 172
80 181 89 196
108 195 123 186
40 114 49 129
60 11 69 25
70 26 63 41
97 169 84 159
110 180 124 172
152 156 138 164
153 152 144 139
100 71 91 58
68 51 54 58
95 96 81 103
33 49 48 49
71 145 78 158
96 188 109 181
144 174 151 161
93 203 106 196
71 28 79 40
74 104 60 101
13 22 19 9
36 63 23 57
107 105 93 108
122 107 133 116
46 86 55 97
60 148 53 136
137 178 125 185
54 32 60 20
137 165 125 171
89 85 77 91
97 94 103 82
71 55 59 61
116 102 104 108
34 1 22 7
61 7 49 1
97 61 103 73
43 3 30 6
82 121 79 134
42 37 29 34
49 101 46 88
117 162 104 162
69 51 82 51
119 148 129 140
17 39 27 47
84 52 95 58
133 153 139 142
74 125 63 130
131 128 126 117
69 20 64 9
96 106 101 95
94 109 83 114
105 149 117 149
116 111 104 111
68 115 80 115
91 63 82 56
108 171 119 169
60 43 50 48
90 133 95 143
139 127 134 117
131 160 136 150
70 37 68 48
95 117 90 127
52 105 60 112
125 159 133 152
79 144 81 154
34 97 36 107
92 64 94 74
88 153 96 159
45 73 45 83
62 132 62 142
63 143 63 153
90 84 94 75
55 76 59 85
46 69 51 61
131 130 129 139
48 64 39 64
96 144 104 148
9 25 1 29
54 8 46 4
53 32 45 36
22 23 26 31
69 90 61 86
26 9 22 17
117 98 112 91
84 48 79 41
119 100 124 107
113 105 121 107
56 66 54 74
103 112 96 116
32 85 33 93
17 47 21 54
124 116 117 112
58 12 60 19
35 86 31 80
76 174 80 180
125 166 130 161
88 113 84 118
56 5 60 10
102 93 102 87
140 133 140 139
40 113 37 108
92 202 89 197
52 135 49 130
118 161 123 159
56 98 61 100
70 32 69 37
3 41 2 36
77 50 72 50
76 91 71 91
80 137 80 132
43 50 38 50
78 55 82 57
142 175 138 177
30 80 32 84
95 185 93 181
26 10 29 7
28 47 32 48
79 103 75 104
46 85 46 81
22 18 22 22
79 139 79 143
90 128 90 132
82 155 84 158
86 50 88 53
18 39 16 36
99 160 102 161
152 160 153 157
62 152 61 149
67 49 67 52
103 170 100 170
103 78 103 81
96 60 94 58
57 11 55 9
87 151 89 153
60 61 58 63
61 112 63 113
20 10 21 8
50 102 51 104
121 168 123 167
62 8 63 10
34 96 33 94
61 42 62 40
27 32 29 33
140 130 139 128
46 1 48 1
90 54 90 56
35 1 37 1
74 55 72 55
13 25 13 23
69 21 69 23
107 171 105 171
65 114 67 114
52 95 51 94
22 55 23 56
65 155 66 156
52 60 53 59
22 44 21 43
89 84 88 85
45 4 44 4
139 139 139 140
43 36 44 36
47 90 47 91
118 148 117 148
103 74 103 75
69 27 69 26
109 105 108 105
48 63 47 63
103 85 103 86
64 57 64 57
64 57 64 57
64 57 64 57
64 57 64 57
64 57 64 57
64 57 64 57
64 57 64 57
64 57 64 57
64 57 64 57
64 57 64 57
64 57 64 57
64 57 64 57
64 57 64 57
64 57 64 57
64 57 64 57
64 57 64 57
64 57 64 57
64 57 64 57
64 57 64 57
64 57 64 57
64 57 64 57
64 57 64 57
64 57 64 57
64 57 64 57
64 57 64 57
64 57 64 57
91 57 91 57
13 31 13 31
57 29 57 29
65 103 65 103
100 64 100 64
68 33 68 33
82 145 82 145
117 161 117 161
119 112 119 112
69 31 69 31
80 125 80 125
88 154 88 154
60 7 60 7
64 57 64 57
67 35 67 35
63 101 63 101
86 88 86 88
59 25 59 25
15 33 15 33
96 95 96 95
137 148 137 148
64 57 64 57
60 85 60 85
95 142 95 142
61 53 61 53
64 57 64 57
66 50 66 50
70 90 70 90
63 52 63 52
64 57 64 57
51 62 51 62
101 112 101 112
58 27 58 27
58 4 58 4
101 94 101 94
102 83 102 83
91 122 91 122
64 57 64 57
14 35 14 35
86 102 86 102
119 107 119 107
64 57 64 57
99 62 99 62
47 86 47 86
94 96 94 96
64 57 64 57
81 143 81 143
64 57 64 57
64 57 64 57
64 57 64 57
64 57 64 57
64 57 64 57
64 57 64 57
64 57 64 57
64 57 64 57
64 57 64 57
64 57 64 57
64 57 64 57
64 57 64 57
64 57 64 57
64 57 64 57
64 57 64 57
64 57 64 57
64 57 64 57
64 57 64 57
64 57 64 57
64 57 64 57
