128 210
287
55 122 85 132
82 9 111 18
60 29 49 57
98 104 90 125
73 136 73 158
97 72 77 66
71 5 62 23
1 171 10 189
19 128 27 110
127 28 124 47
118 27 115 46
41 117 57 125
75 46 92 50
16 158 29 169
35 90 29 105
39 74 39 90
112 69 117 54
121 44 126 29
21 178 6 173
79 156 84 141
69 184 74 169
42 186 57 191
61 26 68 40
97 84 90 98
51 58 66 62
13 143 7 157
44 172 30 169
101 62 112 53
40 91 48 102
109 7 97 1
64 121 52 115
35 115 23 121
71 95 83 89
70 59 82 65
76 56 88 62
64 95 52 89
68 120 81 117
105 97 102 110
62 38 65 51
106 46 93 49
83 1 96 1
61 55 74 55
43 71 48 59
56 169 66 161
31 123 23 133
42 105 50 115
83 116 92 107
79 172 83 160
72 190 68 202
95 128 91 140
117 69 113 81
113 10 119 21
89 3 101 6
41 159 53 156
2 169 7 158
13 142 18 131
112 83 108 94
36 199 47 203
122 56 118 67
52 205 63 209
17 192 28 196
75 168 78 157
58 177 67 170
20 168 28 176
115 37 107 45
58 126 63 136
109 22 104 32
78 106 88 101
67 160 72 150
76 9 86 4
58 152 63 142
18 127 13 137
73 108 62 108
108 79 104 89
89 145 85 155
96 127 99 117
41 185 31 182
73 189 76 179
74 29 71 19
13 150 18 159
57 106 48 101
81 1 72 6
39 180 49 180
51 171 41 171
49 71 55 63
47 114 37 114
48 72 48 82
37 158 28 154
104 90 100 99
26 152 22 143
77 32 86 36
76 66 67 63
33 122 42 120
95 73 97 82
96 36 87 36
87 82 87 73
86 149 86 140
44 66 40 74
67 10 63 18
109 17 105 9
94 70 89 63
98 72 106 75
61 56 53 58
22 179 30 181
118 53 120 45
41 102 40 94
96 89 95 97
40 79 43 72
72 17 75 10
66 192 68 185
111 53 115 47
38 86 38 79
29 196 35 199
64 119 67 125
83 88 86 82
49 82 52 88
126 23 120 21
97 35 103 33
87 133 85 139
61 60 67 59
91 64 97 63
62 31 62 37
106 94 106 88
22 136 22 142
96 79 96 85
69 128 72 133
70 42 75 45
68 168 71 163
117 20 112 18
11 190 16 192
78 173 77 178
123 50 122 55
63 22 62 27
33 114 28 113
100 116 101 111
65 95 70 95
56 177 52 179
18 163 20 167
88 130 90 126
30 176 34 178
40 117 36 115
102 7 105 10
48 62 51 59
58 192 62 193
50 120 54 121
110 74 111 70
73 6 77 7
95 98 94 102
67 203 66 207
37 85 36 89
63 141 63 137
118 22 118 26
100 100 98 103
110 8 112 11
54 155 57 153
51 205 48 203
59 61 56 63
5 172 2 171
85 69 86 72
90 141 89 144
27 109 28 106
51 170 54 169
84 159 85 156
89 49 92 49
62 107 59 107
87 136 87 139
107 87 107 84
76 107 73 107
43 120 46 120
65 123 63 121
66 52 68 54
75 29 77 31
70 41 68 39
81 9 79 8
92 106 93 104
115 36 116 34
40 89 41 91
51 115 50 113
38 158 40 159
109 76 108 78
19 125 21 125
64 20 62 20
42 93 40 93
109 21 109 19
72 159 72 161
13 148 13 146
13 140 13 138
85 152 85 150
88 100 89 99
109 44 110 43
70 8 71 7
27 152 28 153
124 48 123 49
113 40 114 39
83 66 84 67
19 129 18 130
72 18 72 19
87 4 88 4
63 38 63 37
72 136 72 135
23 134 23 135
37 179 38 179
65 195 64 195
75 56 74 56
127 26 127 27
99 62 100 62
105 95 105 96
117 31 117 30
69 59 68 59
82 89 82 89
82 89 82 89
82 89 82 89
14 150 14 150
26 111 26 111
26 111 26 111
26 111 26 111
34 171 34 171
17 161 17 161
106 45 106 45
112 82 112 82
87 113 87 113
58 127 58 127
74 27 74 27
25 129 25 129
57 93 57 93
108 27 108 27
82 2 82 2
67 169 67 169
28 125 28 125
32 123 32 123
98 2 98 2
49 72 49 72
79 62 79 62
72 25 72 25
97 83 97 83
68 127 68 127
77 46 77 46
50 170 50 170
53 89 53 89
95 91 95 91
28 117 28 117
98 49 98 49
63 119 63 119
104 8 104 8
107 29 107 29
26 111 26 111
63 29 63 29
104 3 104 3
116 43 116 43
14 150 14 150
72 148 72 148
87 62 87 62
50 57 50 57
82 89 82 89
49 101 49 101
103 46 103 46
103 46 103 46
103 46 103 46
103 46 103 46
103 46 103 46
103 46 103 46
103 46 103 46
103 46 103 46
103 46 103 46
103 46 103 46
103 46 103 46
103 46 103 46
103 46 103 46
103 46 103 46
103 46 103 46
103 46 103 46
103 46 103 46
103 46 103 46
103 46 103 46
103 46 103 46
103 46 103 46
103 46 103 46
103 46 103 46
103 46 103 46
103 46 103 46
103 46 103 46
103 46 103 46
103 46 103 46
103 46 103 46
82 89 82 89
103 46 103 46
82 89 82 89
