206 130
265
76 37 106 27
8 83 17 111
129 96 102 105
187 10 197 35
151 11 175 3
127 37 137 57
55 113 76 106
54 114 35 120
131 18 150 12
15 97 29 108
50 105 64 94
79 74 75 57
129 74 133 57
139 62 145 78
195 20 198 36
138 93 146 79
177 69 162 74
38 51 23 56
7 82 2 67
69 61 74 76
32 50 18 57
162 4 148 11
68 72 61 58
204 61 194 72
190 53 177 59
90 29 104 26
9 83 15 96
117 86 103 89
22 125 18 112
88 110 101 106
75 38 62 42
39 50 52 46
120 22 107 26
93 87 82 79
68 83 62 95
149 53 161 59
16 59 10 71
198 37 192 49
124 55 118 67
123 33 111 27
45 107 32 107
205 54 200 42
18 83 26 93
50 124 62 120
187 65 199 61
69 117 81 113
82 98 78 86
96 83 85 77
112 83 123 77
81 37 75 48
141 21 138 33
83 99 86 111
139 32 142 44
144 58 154 65
84 55 89 66
40 96 51 91
119 39 124 50
84 50 89 39
70 77 70 89
32 57 44 57
164 48 176 48
175 60 163 60
98 83 110 83
142 91 153 87
95 99 106 95
158 85 169 81
63 45 67 56
182 76 193 72
178 47 187 40
59 105 49 110
47 50 57 55
91 67 101 72
57 72 52 62
23 63 18 73
184 16 174 11
150 32 155 42
150 26 155 16
176 5 186 10
189 35 189 24
176 65 185 59
4 63 14 59
128 34 124 24
39 128 49 125
24 124 34 121
143 56 138 47
28 94 38 96
56 84 58 74
113 35 103 33
160 12 170 10
130 68 124 76
67 96 61 104
78 68 84 76
137 34 137 44
120 84 127 77
125 88 116 91
180 77 171 80
40 111 31 109
104 72 113 70
68 73 68 82
99 34 91 38
146 81 154 77
148 52 143 45
135 84 143 81
186 66 178 68
77 85 75 77
31 58 24 62
163 47 156 43
9 82 9 74
194 19 189 13
131 42 128 35
94 99 87 102
114 92 107 95
134 84 127 87
53 45 60 43
137 93 130 95
123 21 130 19
186 57 190 51
18 82 17 75
41 49 34 49
170 4 163 4
45 58 51 61
188 24 185 18
85 33 91 30
146 14 142 19
83 103 77 105
169 66 175 65
75 50 75 56
133 56 133 50
28 129 23 126
25 104 30 106
160 75 155 77
184 3 186 8
44 106 49 105
161 66 156 65
68 118 63 119
42 111 47 111
55 85 53 89
188 36 186 40
17 59 21 57
118 66 115 69
97 88 101 89
204 59 200 60
176 2 180 1
163 67 167 67
150 31 150 27
82 78 80 75
137 58 139 61
114 36 117 38
157 85 154 87
156 15 159 13
68 60 67 57
82 112 85 111
124 51 124 54
84 51 84 54
175 5 173 3
171 10 173 11
67 95 68 93
199 39 200 41
190 52 191 50
3 63 1 64
100 34 102 33
58 56 60 57
126 35 124 34
46 50 44 50
110 27 108 27
36 129 38 129
10 72 10 74
69 76 69 74
105 84 103 84
128 75 127 76
52 89 51 90
27 93 26 92
184 17 183 16
118 85 119 84
197 32 197 33
57 74 57 73
106 26 105 26
197 38 197 37
94 87 95 87
33 50 34 50
69 90 69 91
102 72 103 72
18 74 18 75
185 10 185 10
185 10 185 10
185 10 185 10
185 10 185 10
185 10 185 10
185 10 185 10
185 10 185 10
185 10 185 10
185 10 185 10
185 10 185 10
185 10 185 10
185 10 185 10
185 10 185 10
185 10 185 10
185 10 185 10
185 10 185 10
185 10 185 10
185 10 185 10
185 10 185 10
185 10 185 10
185 10 185 10
185 10 185 10
185 10 185 10
177 47 177 47
126 36 126 36
128 72 128 72
59 99 59 99
114 69 114 69
96 71 96 71
140 92 140 92
86 77 86 77
23 53 23 53
147 12 147 12
67 84 67 84
124 35 124 35
175 59 175 59
74 55 74 55
13 94 13 94
96 82 96 82
185 58 185 58
150 53 150 53
115 92 115 92
30 108 30 108
188 11 188 11
80 72 80 72
195 22 195 22
185 10 185 10
82 36 82 36
133 46 133 46
194 20 194 20
185 10 185 10
12 92 12 92
90 39 90 39
76 66 76 66
185 10 185 10
76 48 76 48
124 81 124 81
142 20 142 20
198 30 198 30
20 87 20 87
10 88 10 88
29 58 29 58
185 10 185 10
140 34 140 34
205 60 205 60
41 95 41 95
185 10 185 10
132 48 132 48
60 104 60 104
65 63 65 63
185 10 185 10
138 45 138 45
185 10 185 10
185 10 185 10
185 10 185 10
185 10 185 10
185 10 185 10
185 10 185 10
185 10 185 10
185 10 185 10
185 10 185 10
185 10 185 10
