202 137
252
68 111 122 124
164 133 125 124
140 37 171 43
31 67 61 74
30 67 3 60
125 88 98 82
91 80 64 74
172 44 199 49
15 51 9 25
196 54 190 78
13 98 36 103
58 108 37 103
182 101 162 97
127 89 146 93
186 118 190 100
113 18 95 14
139 40 134 57
1 58 8 42
155 32 172 28
194 81 191 98
200 53 197 70
60 8 45 1
146 67 160 74
29 45 15 38
158 92 173 92
9 91 5 77
127 80 131 66
161 97 147 93
124 22 130 35
23 4 37 1
1 61 4 75
165 27 151 30
144 35 138 47
165 61 153 55
32 32 20 26
110 59 122 53
110 15 122 21
92 15 80 21
15 10 9 22
92 59 80 53
39 1 51 7
130 39 124 51
72 39 78 51
53 61 40 64
162 75 175 75
189 68 178 74
46 44 57 38
110 77 121 71
143 64 137 53
60 36 66 25
20 6 32 3
165 133 177 136
181 135 184 123
47 29 35 32
152 90 142 83
79 69 74 58
107 46 95 46
67 46 67 34
43 45 31 45
66 60 62 71
72 38 75 27
17 54 26 61
188 35 195 44
66 48 59 57
183 56 173 61
39 64 28 62
128 59 123 69
174 91 184 86
173 30 183 35
176 29 186 34
86 21 96 16
123 117 123 106
96 60 106 60
82 35 88 43
124 105 124 95
136 62 136 72
82 72 91 76
152 54 148 45
184 36 188 45
65 101 66 110
62 75 63 84
17 17 21 9
141 81 137 73
116 41 108 45
61 10 65 18
71 47 68 55
184 55 188 48
195 80 196 72
129 47 128 55
108 14 100 14
137 55 137 63
120 27 120 35
55 12 55 20
114 19 119 25
144 36 150 31
131 65 134 58
82 29 85 22
75 28 79 22
73 44 74 51
105 78 98 78
66 26 66 33
64 89 64 96
20 25 17 19
94 45 88 42
186 85 189 79
154 33 150 38
54 22 50 27
59 108 65 110
183 101 189 103
138 49 139 55
196 51 195 45
166 61 172 61
40 2 34 2
11 97 9 92
125 86 127 81
190 67 193 63
125 89 125 94
65 19 65 24
18 7 15 11
122 118 122 123
52 8 54 12
52 3 56 5
117 40 119 36
58 58 54 60
78 50 81 53
146 66 143 63
130 36 129 40
148 44 149 40
73 40 73 36
82 30 82 34
22 8 25 6
66 59 68 56
12 34 14 37
172 30 169 29
95 81 92 80
128 58 129 55
106 59 109 59
157 91 154 91
93 59 96 59
93 77 96 77
185 122 185 119
65 100 65 97
63 88 63 85
80 69 82 71
48 28 50 26
124 50 122 52
79 23 81 21
175 29 173 28
16 50 16 52
167 27 169 27
106 77 108 77
66 22 66 20
201 52 201 50
129 44 129 46
19 7 18 8
193 43 194 44
59 36 58 37
96 81 97 82
182 35 183 36
139 39 140 38
93 15 94 14
123 23 123 22
108 15 108 16
129 34 129 35
124 90 124 89
43 1 44 1
161 74 162 74
176 74 175 74
34 32 33 32
122 70 122 69
98 16 97 16
162 28 163 28
74 55 74 56
196 53 196 52
11 31 11 32
9 23 9 24
43 44 44 44
188 46 188 46
188 46 188 46
188 46 188 46
188 46 188 46
188 46 188 46
188 46 188 46
188 46 188 46
188 46 188 46
188 46 188 46
188 46 188 46
188 46 188 46
188 46 188 46
188 46 188 46
188 46 188 46
188 46 188 46
188 46 188 46
188 46 188 46
188 46 188 46
188 46 188 46
188 46 188 46
188 46 188 46
188 46 188 46
188 46 188 46
188 46 188 46
188 46 188 46
188 46 188 46
188 46 188 46
188 46 188 46
188 46 188 46
188 46 188 46
188 46 188 46
149 46 149 46
46 2 46 2
10 21 10 21
60 9 60 9
187 35 187 35
188 46 188 46
190 99 190 99
158 59 158 59
14 36 14 36
188 46 188 46
75 63 75 63
61 11 61 11
196 59 196 59
188 46 188 46
154 30 154 30
186 71 186 71
191 73 191 73
64 52 64 52
194 61 194 61
193 64 193 64
178 60 178 60
188 46 188 46
14 44 14 44
22 43 22 43
123 52 123 52
188 46 188 46
91 58 91 58
16 38 16 38
32 1 32 1
188 46 188 46
128 28 128 28
21 26 21 26
157 32 157 32
28 2 28 2
17 18 17 18
140 40 140 40
187 44 187 44
188 46 188 46
138 48 138 48
146 33 146 33
137 36 137 36
188 46 188 46
196 71 196 71
20 42 20 42
