204 103
317
128 13 140 73
201 49 197 29
196 26 192 6
84 92 103 89
111 87 130 84
141 82 160 79
168 77 187 74
12 73 4 57
49 27 33 23
74 77 78 93
77 59 73 43
45 79 58 69
63 46 56 32
163 1 149 8
80 21 73 35
190 73 202 63
177 57 190 50
139 29 143 15
131 48 125 61
14 74 25 83
40 90 54 88
88 82 102 80
23 93 37 91
105 79 119 77
172 67 186 65
155 70 169 68
30 85 44 85
185 13 173 7
156 13 168 7
122 19 110 13
82 19 94 13
131 35 125 23
147 56 159 62
185 56 173 62
5 46 11 34
78 58 88 66
15 40 25 32
25 25 14 31
161 56 150 50
172 1 184 4
170 46 182 43
82 66 92 73
2 41 4 53
96 12 108 12
39 31 27 31
108 74 96 74
198 38 192 48
139 42 144 52
116 52 106 57
120 63 110 68
157 40 167 45
134 83 139 73
146 45 141 35
45 84 55 79
151 29 156 39
98 57 88 52
164 57 175 57
65 53 65 64
52 44 52 55
13 56 13 45
61 63 63 53
120 77 130 75
82 39 84 29
44 79 34 81
120 47 122 37
107 19 97 19
86 26 94 20
199 25 199 35
97 69 107 69
171 63 161 63
122 66 114 72
131 46 131 36
138 30 138 40
41 32 49 38
37 69 46 65
194 13 198 22
15 61 22 67
55 88 64 86
196 63 187 65
203 59 201 50
154 70 145 72
109 13 100 15
9 88 11 97
24 68 33 70
191 26 189 35
87 17 96 16
68 41 69 50
69 20 78 19
66 29 67 38
157 5 166 4
139 8 148 7
7 74 8 83
58 96 67 95
48 24 57 23
70 53 71 62
40 99 49 98
87 51 83 43
117 25 121 33
190 22 186 14
108 20 116 24
151 23 155 15
192 11 186 5
22 79 30 81
30 27 38 26
20 102 13 98
117 12 125 11
37 100 29 101
73 74 72 66
6 70 5 62
62 71 57 77
50 28 56 33
48 63 51 56
188 37 183 42
20 94 13 95
135 9 128 10
13 30 6 31
26 28 19 29
141 26 141 33
32 24 25 24
127 59 121 62
68 85 74 84
78 84 84 83
197 63 203 62
70 94 76 93
169 3 175 2
170 1 164 1
147 10 144 15
76 53 79 58
128 57 123 60
78 60 81 65
57 69 60 64
94 68 89 66
64 51 62 46
28 101 23 102
73 36 72 41
2 40 1 35
151 50 147 47
180 1 185 1
51 97 56 97
132 74 137 74
51 43 49 39
16 40 14 44
14 57 16 61
125 62 122 65
65 24 66 28
63 69 64 65
62 22 58 23
1 32 5 31
4 54 5 58
104 58 100 58
151 24 151 28
162 78 166 78
105 88 109 88
117 51 119 48
190 8 193 9
109 73 112 72
137 83 140 82
9 87 8 84
144 72 141 73
191 2 192 5
113 13 116 12
80 93 83 92
64 21 67 21
172 7 169 7
87 26 85 28
148 10 150 8
7 73 6 71
26 83 28 84
136 9 138 8
29 27 27 28
65 86 67 85
97 16 99 15
85 83 87 82
82 40 83 42
133 83 131 84
81 18 79 19
36 69 34 70
154 6 156 5
190 23 191 25
145 53 146 55
187 53 186 55
96 20 94 21
122 36 121 34
72 65 71 63
13 32 12 34
123 20 124 22
83 68 83 66
95 73 93 73
129 54 127 54
30 23 32 23
21 67 23 67
73 39 73 41
5 49 5 47
22 93 21 94
157 39 158 40
46 64 47 63
38 100 39 99
68 40 67 39
47 24 46 25
185 5 186 6
12 72 13 73
170 68 171 67
104 79 103 80
157 13 156 14
74 76 73 75
39 90 38 91
188 74 189 73
148 47 147 46
69 94 68 95
70 52 69 51
168 3 167 4
17 76 18 77
197 28 196 27
107 68 108 68
3 50 3 51
140 31 140 30
169 45 168 45
163 56 164 56
20 78 21 78
42 24 43 24
40 26 39 26
63 51 63 52
198 25 198 24
97 68 96 68
33 81 32 81
139 28 139 27
12 50 12 51
191 49 191 49
161 9 161 9
130 30 130 30
17 28 17 28
26 32 26 32
117 15 117 15
105 57 105 57
180 9 180 9
140 24 140 24
189 50 189 50
110 87 110 87
8 68 8 68
51 28 51 28
73 48 73 48
128 56 128 56
122 20 122 20
54 73 54 73
74 30 74 30
156 3 156 3
129 28 129 28
109 14 109 14
158 2 158 2
56 34 56 34
91 55 91 55
57 68 57 68
87 15 87 15
8 37 8 37
21 26 21 26
152 30 152 30
152 30 152 30
152 30 152 30
152 30 152 30
152 30 152 30
152 30 152 30
152 30 152 30
152 30 152 30
152 30 152 30
152 30 152 30
152 30 152 30
152 30 152 30
152 30 152 30
152 30 152 30
152 30 152 30
152 30 152 30
152 30 152 30
152 30 152 30
152 30 152 30
152 30 152 30
152 30 152 30
152 30 152 30
152 30 152 30
152 30 152 30
152 30 152 30
152 30 152 30
152 30 152 30
152 30 152 30
152 30 152 30
152 30 152 30
152 30 152 30
152 30 152 30
152 30 152 30
152 30 152 30
152 30 152 30
152 30 152 30
152 30 152 30
74 52 74 52
152 30 152 30
74 52 74 52
74 52 74 52
161 79 161 79
152 30 152 30
21 34 21 34
182 4 182 4
130 48 130 48
152 30 152 30
172 62 172 62
129 50 129 50
148 9 148 9
68 20 68 20
80 22 80 22
117 26 117 26
142 36 142 36
152 30 152 30
85 18 85 18
40 32 40 32
196 43 196 43
152 30 152 30
76 26 76 26
56 78 56 78
150 6 150 6
