160 186
197
94 93 94 151
51 127 17 111
40 178 8 161
76 69 76 101
140 54 159 38
84 160 67 177
108 82 124 68
103 142 118 127
76 56 96 56
126 119 140 105
59 39 74 27
16 91 1 103
17 87 17 68
141 105 154 92
111 28 95 20
95 14 108 3
99 27 112 38
127 110 127 93
54 116 38 116
95 25 79 25
128 76 128 92
78 43 94 43
146 21 132 28
16 111 2 104
133 3 145 13
37 74 52 74
39 53 54 53
113 55 113 70
65 119 76 109
41 179 54 185
96 92 107 83
115 29 129 29
79 83 93 83
127 1 113 1
59 114 71 108
97 82 109 76
31 87 19 81
26 60 38 54
59 87 71 81
62 49 74 55
110 49 98 55
114 41 114 54
80 106 89 97
93 152 85 160
58 185 66 177
83 89 93 94
66 59 56 54
104 11 114 16
39 89 50 89
129 64 129 75
59 40 59 51
127 17 116 17
145 36 145 25
56 127 64 120
127 54 137 52
75 66 75 76
95 149 102 142
27 69 36 73
127 63 118 60
137 56 130 62
1 106 2 115
4 130 5 139
155 86 155 77
126 111 126 120
158 56 158 47
156 67 156 76
157 66 157 57
69 38 77 42
62 69 54 73
103 38 95 42
129 16 137 12
157 37 149 34
125 121 119 127
144 37 144 45
18 96 18 88
74 66 69 60
19 101 22 108
23 109 29 113
18 67 23 62
48 88 55 88
124 55 117 55
7 157 7 150
113 39 113 46
6 149 6 142
3 126 3 119
16 78 16 71
98 21 95 15
138 51 143 47
37 115 31 114
65 66 65 60
146 20 146 14
26 67 26 61
34 88 40 88
159 40 159 46
141 10 145 14
99 28 94 26
110 75 112 70
89 57 84 57
74 76 71 80
104 32 104 37
68 37 68 32
138 10 136 6
75 102 73 106
154 91 154 87
128 65 125 67
60 45 61 48
115 28 112 28
19 100 19 97
104 7 104 10
128 2 131 2
76 26 79 26
113 2 110 2
61 36 63 34
99 9 97 11
77 108 79 106
90 97 92 95
72 63 74 65
96 20 95 18
111 48 112 46
20 80 18 79
8 160 8 158
57 115 55 115
129 28 131 28
45 75 43 75
2 118 2 116
95 24 95 22
4 129 4 127
94 82 96 82
63 58 64 59
144 21 145 20
69 37 70 38
142 47 143 46
68 60 69 61
63 68 64 67
53 130 54 130
116 16 115 16
116 54 115 54
125 54 126 54
78 82 77 82
76 55 75 55
139 55 138 55
96 55 97 55
56 87 57 87
18 68 18 69
138 11 137 11
146 23 146 24
5 141 5 140
55 54 55 54
55 54 55 54
55 54 55 54
55 54 55 54
55 54 55 54
55 54 55 54
55 54 55 54
55 54 55 54
55 54 55 54
55 54 55 54
55 54 55 54
55 54 55 54
55 54 55 54
55 54 55 54
55 54 55 54
107 52 107 52
75 27 75 27
145 21 145 21
23 108 23 108
103 37 103 37
96 14 96 14
70 80 70 80
25 61 25 61
63 49 63 49
23 84 23 84
102 7 102 7
27 68 27 68
137 27 137 27
105 11 105 11
110 35 110 35
112 39 112 39
67 53 67 53
73 79 73 79
141 25 141 25
55 54 55 54
25 85 25 85
33 55 33 55
105 34 105 34
55 54 55 54
109 49 109 49
72 107 72 107
73 28 73 28
55 54 55 54
31 72 31 72
104 26 104 26
27 60 27 60
105 53 105 53
20 64 20 64
31 56 31 56
109 3 109 3
