192 175
214
145 90 189 54
25 106 46 88
49 171 70 153
73 66 94 48
111 35 132 17
49 86 70 68
14 142 32 163
105 124 126 106
169 22 186 42
74 112 91 132
73 151 93 134
3 124 22 108
52 85 67 103
111 55 125 71
133 16 149 3
127 105 143 92
151 1 164 16
128 75 141 90
49 102 31 106
171 65 155 73
152 74 135 70
1 126 12 139
127 25 119 40
114 64 124 77
52 103 65 113
71 121 74 137
103 117 117 110
73 138 66 152
156 15 170 22
72 71 83 62
49 162 61 156
78 111 90 117
155 15 142 15
102 44 110 54
20 115 30 107
33 164 41 174
69 100 77 110
127 63 121 52
17 119 14 131
46 114 57 119
39 114 28 119
77 82 77 94
179 38 179 50
48 153 36 153
116 82 116 94
131 37 131 49
95 132 104 125
78 96 85 105
137 17 128 24
101 43 110 36
115 96 108 105
147 63 137 58
139 73 129 68
154 63 164 58
165 29 170 39
173 62 178 52
170 47 165 57
120 106 125 96
146 24 136 29
119 42 119 53
62 128 62 139
91 108 102 108
108 72 115 80
64 108 71 116
106 71 96 68
22 134 25 124
95 59 85 61
69 77 67 87
149 23 159 25
37 162 47 162
46 103 55 106
126 87 124 78
120 40 120 49
124 62 120 54
92 69 84 73
23 138 27 146
83 74 78 81
19 150 25 156
67 90 69 98
74 126 72 118
132 50 136 57
107 61 114 65
128 64 134 69
28 147 34 152
56 148 61 142
70 76 74 70
70 120 66 114
73 110 68 105
15 140 14 133
98 59 105 60
93 118 100 118
55 149 49 152
135 30 132 36
61 127 58 121
187 43 191 48
170 40 170 46
147 74 141 74
28 157 33 160
102 107 107 105
125 95 126 90
73 134 72 139
40 114 45 114
153 63 148 63
164 28 160 26
178 36 176 32
86 105 90 107
59 105 63 107
121 71 118 68
116 110 119 107
96 47 99 44
142 16 138 17
42 104 46 104
150 73 154 73
75 128 75 132
26 123 28 120
48 172 45 174
62 155 65 153
57 104 54 103
99 117 102 117
91 117 94 117
148 14 151 14
170 65 172 63
25 109 23 111
19 116 18 118
126 72 127 74
121 50 121 48
23 135 23 137
171 25 171 23
35 161 37 161
121 38 121 40
95 69 93 69
171 44 171 42
40 103 38 103
147 24 148 23
127 66 128 67
167 21 168 22
178 50 178 49
24 107 23 107
178 39 178 38
71 152 72 152
165 17 165 18
115 81 115 82
190 53 191 53
125 64 125 63
36 152 35 152
48 87 47 87
72 67 71 67
61 140 61 141
13 140 13 141
85 116 85 116
85 116 85 116
85 116 85 116
85 116 85 116
85 116 85 116
85 116 85 116
85 116 85 116
85 116 85 116
85 116 85 116
85 116 85 116
85 116 85 116
85 116 85 116
85 116 85 116
85 116 85 116
85 116 85 116
85 116 85 116
85 116 85 116
85 116 85 116
85 116 85 116
85 116 85 116
85 116 85 116
85 116 85 116
85 116 85 116
85 116 85 116
85 116 85 116
85 116 85 116
115 95 115 95
166 69 166 69
97 59 97 59
16 142 16 142
67 149 67 149
78 95 78 95
164 70 164 70
108 116 108 116
163 58 163 58
113 100 113 100
85 116 85 116
17 146 17 146
83 115 83 115
139 72 139 72
85 116 85 116
168 66 168 66
137 70 137 70
28 148 28 148
65 152 65 152
70 119 70 119
153 74 153 74
73 111 73 111
85 116 85 116
131 66 131 66
68 104 68 104
19 149 19 149
85 116 85 116
114 113 114 113
143 73 143 73
69 80 69 80
85 116 85 116
169 52 169 52
107 72 107 72
71 124 71 124
36 104 36 104
79 78 79 78
160 72 160 72
67 88 67 88
78 82 78 82
