202 137
254
43 96 77 88
117 115 150 107
49 131 80 124
3 49 34 43
5 51 12 80
186 53 193 24
179 101 151 107
15 103 42 96
80 88 104 82
105 82 129 77
27 136 48 131
151 71 171 67
101 119 82 123
183 64 201 60
94 60 78 52
14 111 19 128
201 58 194 42
61 40 65 57
7 81 10 98
45 28 28 28
197 77 201 61
191 98 195 82
68 59 64 43
74 80 70 64
2 58 5 74
62 37 46 40
72 32 72 48
135 46 135 30
133 52 138 67
149 8 163 1
88 16 81 30
44 92 58 85
12 68 26 75
172 2 186 9
174 45 187 38
5 50 12 37
144 38 157 45
102 119 116 115
142 57 155 63
42 74 54 68
57 35 45 29
80 21 92 15
63 54 57 66
37 61 49 55
29 92 17 86
81 71 93 77
150 26 162 32
136 20 142 8
179 7 167 1
170 32 182 26
123 52 129 40
142 36 136 24
116 17 103 14
34 62 21 59
102 47 89 44
66 66 63 79
95 60 108 60
94 16 107 16
28 30 41 30
40 75 27 75
26 29 15 35
124 23 129 34
107 78 95 78
130 77 141 74
181 58 171 63
115 20 120 30
154 2 144 7
110 59 120 54
109 77 119 72
78 107 78 96
128 48 128 59
190 98 180 101
35 42 45 40
168 64 158 64
79 118 79 108
77 51 73 42
81 32 85 41
188 11 192 20
73 32 77 23
127 62 122 70
141 75 139 84
172 67 181 65
184 14 184 23
49 54 53 46
114 42 106 46
18 57 14 49
116 40 120 32
75 63 80 70
17 37 24 32
148 23 146 15
115 21 108 17
93 17 86 21
49 35 42 31
73 57 73 49
138 89 138 97
123 23 117 18
22 136 19 129
143 73 150 71
14 46 16 39
137 51 142 56
66 65 65 58
30 92 37 93
166 46 159 45
102 14 95 14
137 98 137 105
147 14 150 8
170 3 164 1
169 32 163 32
183 13 180 8
62 80 58 84
14 110 12 105
172 45 167 46
75 81 76 86
13 81 16 85
77 95 77 90
1 56 1 51
63 39 63 44
183 57 185 53
190 33 188 37
136 23 137 19
139 68 140 72
159 1 155 2
131 47 132 51
129 35 129 39
136 110 136 106
53 41 53 45
6 80 6 76
129 47 129 43
80 119 80 123
9 64 11 67
39 93 42 92
62 38 59 38
196 81 196 78
63 53 63 50
69 63 69 60
139 85 139 88
74 61 74 58
162 2 165 2
88 43 86 41
187 11 185 9
151 26 149 24
18 56 20 58
121 53 123 51
143 36 145 38
57 65 55 67
181 26 183 24
27 31 25 32
105 46 103 47
78 24 79 22
50 36 51 38
193 23 192 21
95 15 93 15
11 99 11 101
37 27 35 27
136 27 136 29
78 51 79 52
121 70 120 71
119 19 118 18
143 8 142 9
153 3 154 4
17 38 18 37
57 36 58 36
156 63 157 63
114 17 113 17
109 59 108 59
137 49 137 50
137 24 137 25
6 51 6 50
65 65 65 64
169 63 170 63
35 61 35 62
127 61 127 60
14 36 13 36
183 23 183 23
183 23 183 23
183 23 183 23
183 23 183 23
183 23 183 23
183 23 183 23
183 23 183 23
183 23 183 23
183 23 183 23
183 23 183 23
183 23 183 23
183 23 183 23
183 23 183 23
183 23 183 23
183 23 183 23
183 23 183 23
183 23 183 23
183 23 183 23
183 23 183 23
183 23 183 23
183 23 183 23
183 23 183 23
183 23 183 23
40 74 40 74
40 74 40 74
49 72 49 72
191 31 191 31
191 31 191 31
182 64 182 64
138 13 138 13
143 37 143 37
5 75 5 75
8 62 8 62
87 58 87 58
182 57 182 57
22 30 22 30
178 44 178 44
177 30 177 30
175 31 175 31
170 1 170 1
2 57 2 57
73 33 73 33
17 72 17 72
160 3 160 3
182 64 182 64
128 33 128 33
85 17 85 17
60 39 60 39
49 72 49 72
47 73 47 73
164 45 164 45
11 66 11 66
50 30 50 30
56 67 56 67
190 35 190 35
13 37 13 37
183 23 183 23
85 57 85 57
187 37 187 37
136 47 136 47
183 23 183 23
18 32 18 32
48 55 48 55
192 27 192 27
183 23 183 23
81 21 81 21
52 40 52 40
145 7 145 7
25 74 25 74
89 59 89 59
8 42 8 42
21 74 21 74
183 23 183 23
28 29 28 29
7 44 7 44
46 32 46 32
183 23 183 23
25 61 25 61
6 60 6 60
36 61 36 61
52 51 52 51
