189 168
215
66 155 104 137
182 100 154 114
90 86 90 116
141 120 115 132
105 80 130 70
41 167 65 155
91 117 91 142
64 97 84 89
23 99 8 84
73 83 73 63
160 29 141 29
71 33 71 52
119 45 101 49
72 66 72 48
51 37 67 45
16 50 30 39
175 51 159 58
174 35 188 45
126 32 126 49
141 77 141 94
140 112 140 95
30 70 15 63
112 20 125 30
48 104 63 98
125 48 125 64
141 55 157 55
88 48 74 41
9 132 19 144
77 75 89 84
129 54 141 63
51 98 36 98
28 155 38 166
68 62 55 69
145 64 158 58
162 28 175 22
126 22 138 28
149 17 136 14
47 71 34 71
35 109 47 104
61 95 71 87
142 120 153 114
112 33 100 36
97 17 85 20
32 38 44 36
98 17 110 19
176 51 187 46
35 57 47 57
93 85 104 81
168 7 175 16
31 108 23 100
156 1 166 6
87 74 77 69
91 35 81 30
170 49 160 54
174 25 174 36
15 59 15 70
123 24 123 13
110 74 120 70
142 65 132 69
129 51 139 54
34 97 24 94
105 137 114 132
152 17 162 15
17 85 23 93
8 83 1 76
20 146 27 153
24 52 33 56
50 56 59 52
13 72 4 76
171 48 173 39
1 79 3 88
185 77 184 86
4 94 5 103
187 62 186 71
16 75 17 84
6 110 7 119
91 49 100 49
142 67 142 76
133 5 141 1
118 44 125 39
60 95 52 97
14 59 16 51
97 76 105 75
72 39 72 31
83 21 80 28
130 7 124 11
8 122 8 129
183 96 183 89
188 52 188 59
167 8 164 14
73 59 67 62
114 32 117 26
23 45 24 51
62 44 61 50
133 12 132 6
98 36 92 35
139 113 139 119
89 75 95 75
73 29 78 26
175 17 173 22
50 37 45 36
5 104 6 109
47 70 52 70
66 45 70 48
186 72 185 76
4 93 3 89
89 87 85 88
175 20 175 24
122 68 124 65
74 65 76 68
70 59 71 56
109 74 106 75
72 83 71 86
124 18 125 21
31 70 34 70
16 71 16 74
92 48 89 48
75 41 73 39
17 63 16 61
82 30 81 28
122 43 120 44
73 31 74 29
136 13 134 12
60 42 61 44
124 13 125 11
182 99 182 97
139 28 141 28
91 86 91 88
117 25 117 23
170 48 169 49
114 31 113 32
60 50 59 51
127 22 126 21
167 7 166 7
150 17 151 17
52 69 53 69
125 32 125 31
184 87 184 88
173 38 173 37
49 56 48 56
125 37 125 38
154 1 155 1
159 54 158 54
160 28 161 28
121 69 120 69
7 120 7 121
187 61 187 60
14 61 14 60
9 130 9 131
70 49 70 49
70 49 70 49
70 49 70 49
70 49 70 49
70 49 70 49
70 49 70 49
70 49 70 49
70 49 70 49
70 49 70 49
70 49 70 49
70 49 70 49
70 49 70 49
70 49 70 49
70 49 70 49
70 49 70 49
70 49 70 49
70 49 70 49
70 49 70 49
111 48 111 48
58 39 58 39
58 39 58 39
138 14 138 14
138 14 138 14
140 54 140 54
140 54 140 54
140 54 140 54
140 54 140 54
140 54 140 54
140 54 140 54
161 2 161 2
2 78 2 78
2 78 2 78
140 54 140 54
108 18 108 18
88 74 88 74
73 40 73 40
138 14 138 14
99 36 99 36
31 39 31 39
167 27 167 27
58 39 58 39
77 44 77 44
136 2 136 2
116 24 116 24
106 49 106 49
137 27 137 27
66 92 66 92
83 47 83 47
70 49 70 49
64 44 64 44
163 14 163 14
84 21 84 21
70 49 70 49
81 46 81 46
23 50 23 50
111 20 111 20
70 49 70 49
28 55 28 55
114 47 114 47
170 10 170 10
14 54 14 54
79 45 79 45
19 89 19 89
122 27 122 27
70 49 70 49
127 49 127 49
