165 195
261
38 85 88 52
80 39 110 79
103 182 83 153
126 102 145 128
10 29 34 13
137 175 114 192
142 172 164 156
125 100 109 79
1 36 10 56
36 88 49 105
101 119 84 131
56 107 51 87
73 139 61 123
56 122 68 138
13 54 25 70
61 122 49 106
25 71 36 86
102 118 117 108
23 60 15 44
91 148 99 164
143 123 151 139
58 9 69 23
69 24 80 38
31 87 42 101
96 179 86 165
47 61 62 54
102 166 116 173
99 123 92 137
154 141 163 153
106 193 97 181
21 72 12 60
76 151 85 163
103 107 110 94
35 61 22 54
140 167 127 174
135 117 121 114
93 159 102 170
57 105 68 114
37 69 51 69
72 38 65 50
30 85 22 74
4 41 12 52
51 114 43 103
87 121 99 115
95 99 83 105
144 164 150 152
63 115 75 121
35 7 23 13
56 43 44 49
107 117 120 114
82 152 75 141
39 10 50 3
111 194 104 183
101 87 98 75
61 83 66 72
22 33 27 44
142 146 137 157
116 162 128 162
75 116 87 116
125 175 113 175
105 154 114 161
56 18 61 28
101 88 96 98
66 59 71 49
28 44 38 49
78 66 68 71
99 110 89 115
107 128 117 123
84 66 94 71
52 86 54 75
66 98 61 88
137 129 142 139
63 65 73 60
92 149 92 138
110 92 110 81
47 12 36 12
55 68 64 62
20 16 15 25
130 124 120 122
76 59 86 59
76 121 86 121
32 67 24 61
68 139 74 147
151 140 151 150
102 147 102 137
26 19 22 28
98 64 89 60
67 100 76 104
56 9 47 6
75 137 83 132
99 124 106 118
15 43 13 34
59 39 61 30
127 173 118 173
46 61 37 61
71 28 71 37
103 170 111 174
2 34 9 29
103 111 107 104
118 107 125 103
56 72 61 66
37 91 40 98
106 129 103 136
93 158 91 151
55 17 49 13
17 47 21 53
62 114 57 109
91 140 91 147
37 6 44 6
135 158 129 161
54 3 58 8
52 116 56 121
13 33 14 27
72 39 72 45
136 128 131 125
68 113 73 115
103 148 105 153
58 105 55 101
98 161 101 165
142 145 142 140
143 165 145 161
61 12 64 15
58 40 55 43
138 175 141 172
78 105 82 105
43 49 39 49
79 66 83 66
20 17 22 14
36 13 33 13
22 32 22 29
61 87 61 84
73 141 73 144
64 51 62 53
106 72 104 70
152 138 154 140
103 68 101 66
100 114 102 112
76 150 74 148
51 2 53 1
109 194 111 193
67 18 65 17
102 108 100 109
97 74 96 72
148 130 146 130
52 89 52 87
38 7 36 7
32 15 30 15
70 29 70 27
143 126 143 124
108 102 108 100
45 70 43 70
80 122 82 122
86 60 88 60
34 68 36 68
61 67 62 66
118 123 119 122
107 74 108 75
11 58 12 59
141 166 142 165
65 60 64 61
107 129 108 128
137 118 136 118
52 68 53 68
37 11 38 11
71 48 71 47
128 172 129 172
52 96 52 95
48 13 47 13
70 38 70 39
109 80 109 81
60 54 60 54
60 54 60 54
60 54 60 54
60 54 60 54
60 54 60 54
60 54 60 54
60 54 60 54
60 54 60 54
60 54 60 54
60 54 60 54
60 54 60 54
60 54 60 54
60 54 60 54
60 54 60 54
60 54 60 54
60 54 60 54
60 54 60 54
60 54 60 54
60 54 60 54
60 54 60 54
60 54 60 54
60 54 60 54
60 54 60 54
60 54 60 54
60 54 60 54
60 54 60 54
60 54 60 54
60 54 60 54
31 47 31 47
105 118 105 118
48 60 48 60
93 132 93 132
137 170 137 170
142 122 142 122
21 52 21 52
137 119 137 119
98 76 98 76
67 72 67 72
111 172 111 172
101 68 101 68
31 86 31 86
23 54 23 54
14 31 14 31
133 172 133 172
57 108 57 108
49 48 49 48
129 123 129 123
112 174 112 174
129 174 129 174
108 78 108 78
67 99 67 99
60 54 60 54
69 52 69 52
54 9 54 9
104 72 104 72
52 81 52 81
110 159 110 159
131 173 131 173
107 102 107 102
60 54 60 54
109 171 109 171
52 60 52 60
98 126 98 126
60 54 60 54
61 29 61 29
16 45 16 45
92 102 92 102
60 54 60 54
60 113 60 113
60 23 60 23
95 72 95 72
54 59 54 59
115 161 115 161
63 76 63 76
133 125 133 125
60 54 60 54
77 104 77 104
59 37 59 37
150 134 150 134
60 54 60 54
84 104 84 104
130 115 130 115
149 132 149 132
60 54 60 54
150 138 150 138
60 54 60 54
60 54 60 54
60 54 60 54
60 54 60 54
60 54 60 54
60 54 60 54
