200 91
279
198 47 198 68
197 53 185 68
3 24 3 43
130 36 126 54
75 52 71 35
192 22 199 37
76 52 89 62
189 20 175 13
38 1 52 8
140 36 147 22
45 55 57 45
1 66 13 76
26 1 13 8
62 28 58 42
7 10 4 24
83 12 74 23
119 13 128 24
59 71 73 71
63 30 59 17
146 59 157 67
4 37 10 49
191 37 185 25
30 63 18 57
108 63 120 57
42 63 54 57
162 13 150 19
103 11 116 11
122 86 135 86
79 59 89 67
108 51 118 43
186 90 196 82
50 33 42 43
26 57 14 54
86 10 98 7
172 70 184 67
11 30 16 41
17 13 28 8
107 69 95 69
77 81 65 81
34 68 22 68
165 58 177 58
66 8 78 8
165 79 153 79
176 20 164 20
95 52 107 52
113 67 122 60
62 47 55 56
139 54 144 64
86 20 81 30
45 13 35 8
81 36 86 46
151 35 156 25
156 52 151 42
141 78 152 78
10 67 21 67
46 69 35 69
132 56 132 67
134 32 134 43
143 14 154 14
133 55 133 44
58 70 47 70
166 80 177 80
36 46 25 46
115 12 126 12
26 58 37 58
163 13 174 13
135 20 135 31
178 16 167 16
102 10 91 10
189 81 178 81
30 5 41 5
54 7 65 7
109 15 117 22
183 69 174 74
166 75 156 73
128 25 130 35
169 70 159 68
103 7 113 9
11 28 13 18
121 31 119 41
141 48 139 38
191 38 189 48
49 18 51 28
179 57 187 51
84 73 94 73
21 77 31 77
169 90 179 90
43 79 53 79
54 80 64 80
136 87 146 87
110 84 100 84
147 88 157 88
105 75 115 75
99 83 89 83
121 85 111 85
96 14 106 14
197 79 197 69
158 89 168 89
32 78 42 78
199 48 199 38
78 82 88 82
146 67 154 72
10 48 17 54
5 24 4 33
2 47 1 56
67 62 67 53
68 43 68 52
138 52 138 43
28 1 37 1
72 28 72 37
71 22 71 13
74 72 83 72
95 74 104 74
70 23 70 32
69 42 69 33
125 76 116 76
127 85 131 77
146 58 142 50
70 80 66 72
87 19 95 15
53 9 58 16
12 9 7 16
126 49 121 56
178 21 185 26
99 64 91 62
194 18 186 17
157 53 164 57
64 32 64 40
44 55 37 57
163 21 157 25
93 51 87 47
8 2 7 9
166 15 159 15
22 4 29 4
120 29 117 23
18 42 24 45
107 63 101 64
31 63 37 64
172 12 166 12
142 13 136 13
127 13 133 13
11 3 17 3
3 66 9 66
85 9 79 9
131 74 131 68
134 77 140 77
78 53 75 48
141 35 140 40
125 55 122 59
66 68 66 63
136 19 136 14
199 34 199 29
29 8 34 8
190 82 195 82
151 36 151 41
76 54 79 58
15 76 20 76
87 10 83 13
42 6 47 6
37 45 41 43
108 68 112 67
94 68 90 67
172 74 168 75
61 29 61 25
130 77 126 77
81 35 81 31
11 50 13 53
184 66 187 64
147 23 149 20
46 14 48 17
16 15 14 18
41 63 38 63
50 29 50 32
63 44 63 41
72 12 72 9
182 17 179 17
188 49 186 51
51 51 49 53
73 26 74 24
71 32 71 34
51 6 53 6
102 7 100 7
197 18 195 18
26 2 28 2
2 46 2 44
4 34 4 36
6 19 6 21
1 57 1 59
145 65 146 66
193 60 194 59
53 50 54 49
126 51 125 52
157 66 158 67
191 22 190 21
114 48 115 47
57 43 56 44
114 10 115 10
197 52 197 51
108 15 107 15
129 46 129 45
94 51 95 51
38 2 39 2
130 42 130 41
115 19 115 19
115 19 115 19
115 19 115 19
115 19 115 19
115 19 115 19
115 19 115 19
115 19 115 19
115 19 115 19
190 36 190 36
190 36 190 36
87 60 87 60
162 14 162 14
60 39 60 39
14 8 14 8
120 30 120 30
123 55 123 55
180 56 180 56
13 37 13 37
141 43 141 43
180 14 180 14
147 58 147 58
166 69 166 69
45 41 45 41
17 41 17 41
45 3 45 3
17 56 17 56
73 28 73 28
198 32 198 32
174 69 174 69
128 49 128 49
143 61 143 61
156 51 156 51
51 29 51 29
58 41 58 41
97 63 97 63
198 36 198 36
92 15 92 15
18 4 18 4
178 57 178 57
150 20 150 20
5 23 5 23
197 30 197 30
115 19 115 19
127 47 127 47
118 13 118 13
111 50 111 50
115 19 115 19
63 27 63 27
21 10 21 10
61 35 61 35
115 19 115 19
142 52 142 52
115 19 115 19
115 19 115 19
115 19 115 19
115 19 115 19
115 19 115 19
115 19 115 19
115 19 115 19
115 19 115 19
115 19 115 19
115 19 115 19
115 19 115 19
115 19 115 19
115 19 115 19
115 19 115 19
115 19 115 19
115 19 115 19
115 19 115 19
115 19 115 19
115 19 115 19
115 19 115 19
115 19 115 19
115 19 115 19
115 19 115 19
115 19 115 19
