152 204
239
1 143 59 173
138 53 118 83
76 110 76 137
151 33 138 52
41 193 60 203
21 182 40 192
111 126 101 142
80 141 90 126
64 166 74 151
77 180 87 165
100 111 110 96
93 139 93 121
22 133 38 141
135 34 119 42
69 98 53 90
92 157 92 140
134 8 119 1
73 44 83 31
16 120 19 136
53 76 53 60
77 181 68 194
6 161 10 176
1 145 5 160
57 79 69 87
136 86 128 98
110 64 104 51
148 55 146 69
151 38 149 52
54 91 54 77
86 16 86 30
114 121 121 109
67 151 75 140
110 95 118 84
13 126 5 137
132 54 120 60
38 156 26 150
72 44 60 50
102 50 90 44
50 93 62 99
16 112 22 100
93 35 105 41
65 69 77 75
38 91 26 97
104 1 92 7
78 43 91 46
83 89 96 86
144 73 137 84
53 141 40 141
40 157 53 157
105 1 118 1
51 127 38 127
90 106 101 100
125 26 113 29
52 90 40 90
85 43 85 31
75 109 70 99
41 93 31 98
24 147 19 137
86 75 96 70
62 59 67 49
105 79 110 69
66 111 61 121
70 131 75 121
56 156 66 151
103 98 108 88
100 144 94 153
93 47 100 55
115 70 124 75
65 135 56 140
80 89 70 87
74 150 80 142
137 44 133 53
136 10 140 19
103 26 112 29
127 100 122 108
48 79 42 86
95 17 97 8
140 21 138 30
122 90 121 99
117 42 108 42
91 33 87 25
12 177 20 181
62 61 66 69
99 6 107 2
143 28 151 32
62 100 66 108
84 117 92 121
68 49 76 45
58 52 54 60
128 7 132 15
132 16 128 24
52 126 60 122
29 100 25 108
87 16 91 8
30 122 38 126
100 112 95 119
63 202 68 195
104 80 97 85
27 118 25 110
101 59 99 67
123 84 124 76
109 76 108 84
138 38 139 30
118 61 110 61
101 25 96 19
91 158 87 164
85 75 78 75
85 107 78 107
49 93 42 93
18 125 21 131
54 72 57 78
120 106 121 100
16 119 16 113
82 43 88 43
131 38 126 40
109 70 110 65
61 171 64 167
130 5 126 3
5 138 2 141
122 89 123 85
90 125 92 122
66 134 69 132
77 45 80 44
113 122 112 125
146 70 145 73
137 42 138 39
62 83 64 85
70 100 68 98
91 9 93 7
61 50 59 51
91 47 93 48
74 44 76 43
22 132 24 133
29 121 28 119
137 32 135 33
25 98 23 99
121 110 119 110
88 106 86 106
100 56 100 58
118 2 120 2
86 38 86 36
108 85 108 87
84 29 83 30
92 33 93 34
126 5 127 6
93 155 94 154
135 10 134 9
103 80 104 79
148 54 149 53
66 110 66 109
75 106 76 106
18 134 18 133
109 75 109 74
59 175 59 174
75 138 75 139
53 140 54 140
140 27 140 26
120 108 120 107
126 25 127 25
102 98 102 99
108 41 107 41
40 91 39 91
25 149 25 148
75 119 75 120
88 44 89 44
98 68 98 67
103 2 103 2
103 2 103 2
103 2 103 2
103 2 103 2
103 2 103 2
103 2 103 2
103 2 103 2
103 2 103 2
103 2 103 2
103 2 103 2
103 2 103 2
103 2 103 2
103 2 103 2
103 2 103 2
103 2 103 2
103 2 103 2
103 2 103 2
103 2 103 2
103 2 103 2
103 2 103 2
103 2 103 2
103 2 103 2
103 2 103 2
103 2 103 2
103 2 103 2
103 2 103 2
103 2 103 2
103 2 103 2
103 2 103 2
103 2 103 2
103 2 103 2
103 2 103 2
103 2 103 2
103 2 103 2
103 2 103 2
103 2 103 2
103 2 103 2
103 2 103 2
67 50 67 50
103 2 103 2
27 95 27 95
57 95 57 95
37 140 37 140
39 156 39 156
64 52 64 52
81 89 81 89
54 71 54 71
103 2 103 2
62 56 62 56
107 55 107 55
137 43 137 43
103 2 103 2
66 95 66 95
108 57 108 57
88 30 88 30
103 2 103 2
109 59 109 59
139 18 139 18
95 12 95 12
58 53 58 53
54 57 54 57
60 92 60 92
96 18 96 18
103 2 103 2
71 88 71 88
131 54 131 54
87 28 87 28
103 2 103 2
109 63 109 63
32 98 32 98
61 99 61 99
103 2 103 2
124 4 124 4
