202 137
253
82 123 136 110
191 97 138 110
163 69 127 77
27 136 63 128
107 82 80 88
193 25 187 50
47 95 23 100
11 76 6 54
178 65 200 60
48 95 69 90
70 62 75 82
27 44 47 40
129 31 129 51
68 57 63 38
126 77 108 82
94 14 78 22
14 111 19 128
106 14 89 18
80 123 64 128
197 75 193 91
10 95 7 79
4 67 1 51
195 43 201 58
155 1 171 1
134 54 139 69
108 14 122 21
28 28 14 35
174 45 159 45
29 92 44 92
57 34 44 28
1 50 15 47
32 75 18 72
164 69 177 65
173 2 185 8
110 59 122 53
97 46 85 40
92 59 80 53
37 61 49 55
181 8 169 2
64 47 58 35
78 51 72 39
142 56 154 62
105 46 117 40
157 44 145 38
166 32 179 29
47 32 34 29
59 64 65 53
81 71 92 77
142 35 136 24
45 73 56 67
198 74 201 62
141 73 139 85
143 7 154 2
123 69 128 58
135 34 135 46
50 90 59 83
113 76 122 69
49 34 54 44
77 24 72 34
6 48 11 38
188 11 193 21
106 16 116 21
137 18 142 8
182 57 172 62
29 30 19 35
160 2 150 7
18 86 28 91
79 69 74 59
186 39 176 44
185 18 180 28
9 64 17 71
58 37 48 40
26 44 16 47
165 32 155 29
4 68 7 78
79 107 79 117
96 60 106 60
78 106 78 96
14 45 18 36
54 45 50 54
32 27 41 27
65 54 65 63
36 61 27 61
82 26 82 35
120 26 120 35
73 57 73 48
61 81 65 73
18 56 14 48
128 43 124 51
147 18 151 26
14 110 12 102
136 47 140 54
137 101 136 109
128 30 124 23
66 62 66 70
77 95 77 87
138 89 138 97
88 19 83 25
22 136 19 129
15 84 12 77
185 16 182 9
22 100 15 102
43 74 36 75
136 33 136 26
130 35 130 42
161 2 168 2
104 78 97 78
147 14 150 8
183 56 186 50
26 60 20 57
185 39 190 35
76 88 70 90
192 36 194 42
106 77 112 76
101 14 95 14
104 46 98 46
73 33 72 38
166 63 171 62
137 19 137 24
128 52 128 57
116 40 119 36
161 63 156 63
72 47 72 42
119 26 117 22
124 50 121 53
78 50 81 53
154 28 151 25
58 64 55 67
49 90 45 91
133 53 132 49
64 48 64 52
80 122 80 118
142 34 144 37
11 39 13 36
85 39 83 36
33 29 30 30
106 59 109 59
32 28 29 28
96 59 93 59
76 83 76 86
69 61 69 58
192 92 192 95
11 97 11 100
6 53 6 50
9 63 11 65
121 21 123 22
105 16 103 15
83 26 83 24
43 28 41 28
162 64 164 64
94 77 96 77
100 13 102 13
147 17 147 15
140 70 140 72
137 98 137 100
139 86 139 88
193 24 193 22
143 8 142 9
78 23 79 22
17 85 16 84
190 34 189 35
180 27 179 28
20 35 19 36
58 36 57 35
17 70 16 71
47 33 48 34
158 44 159 44
187 9 186 9
80 69 80 70
33 75 34 75
175 44 174 44
142 55 141 55
186 10 187 10
73 40 73 39
91 18 91 18
91 18 91 18
91 18 91 18
91 18 91 18
91 18 91 18
91 18 91 18
91 18 91 18
91 18 91 18
91 18 91 18
91 18 91 18
91 18 91 18
91 18 91 18
91 18 91 18
91 18 91 18
91 18 91 18
91 18 91 18
91 18 91 18
91 18 91 18
91 18 91 18
91 18 91 18
91 18 91 18
91 18 91 18
91 18 91 18
91 18 91 18
91 18 91 18
91 18 91 18
91 18 91 18
91 18 91 18
91 18 91 18
91 18 91 18
91 18 91 18
91 18 91 18
91 18 91 18
91 18 91 18
91 18 91 18
91 18 91 18
91 18 91 18
53 43 53 43
55 32 55 32
91 18 91 18
117 17 117 17
74 58 74 58
112 44 112 44
91 18 91 18
111 58 111 58
14 46 14 46
12 101 12 101
91 18 91 18
89 19 89 19
92 45 92 45
62 40 62 40
57 66 57 66
123 52 123 52
19 56 19 56
128 28 128 28
91 18 91 18
48 55 48 55
127 26 127 26
90 44 90 44
91 18 91 18
6 59 6 59
115 16 115 16
13 104 13 104
91 18 91 18
109 15 109 15
85 17 85 17
110 45 110 45
53 46 53 46
53 31 53 31
184 15 184 15
23 74 23 74
91 18 91 18
114 43 114 43
7 63 7 63
63 42 63 42
91 18 91 18
183 25 183 25
151 7 151 7
51 30 51 30
