205 131
284
190 109 200 79
74 19 98 27
99 28 122 35
79 38 69 58
54 12 73 18
23 77 41 83
141 42 123 36
81 76 97 84
53 11 36 6
81 27 75 43
42 84 58 89
132 54 128 70
69 59 63 74
8 39 16 53
166 51 181 56
86 90 71 85
114 100 99 95
33 71 18 66
64 19 68 34
9 37 15 23
18 15 24 1
114 82 126 73
95 89 110 89
31 5 46 5
2 62 12 73
17 54 30 60
95 28 82 34
73 57 76 71
134 70 130 83
185 123 189 110
180 107 190 98
147 57 159 51
138 73 144 61
60 81 66 93
110 28 122 34
16 14 10 26
66 39 60 51
35 67 23 61
197 62 185 56
194 93 197 80
91 70 104 73
6 45 1 57
140 90 148 100
142 110 130 106
150 123 138 119
84 99 96 103
103 106 115 110
161 117 149 113
157 126 169 130
55 79 43 75
125 96 129 84
149 101 160 107
158 60 170 57
189 79 186 67
68 50 61 60
37 61 49 59
22 44 17 33
161 50 173 50
174 122 185 126
2 60 13 64
140 54 136 65
147 44 158 48
201 78 204 67
98 94 87 91
121 46 114 37
47 6 57 11
23 44 33 49
155 91 165 96
40 11 50 16
167 97 178 95
99 34 89 39
40 49 50 44
183 63 173 58
142 101 137 91
34 11 24 16
109 84 98 84
69 35 69 46
149 71 149 82
56 24 56 35
80 79 88 86
172 121 162 118
83 98 73 95
127 115 137 118
50 66 59 61
120 83 111 88
154 110 164 112
19 21 17 31
152 109 144 103
150 69 156 61
51 58 59 52
175 51 184 55
107 72 116 68
169 108 178 106
166 112 175 110
120 62 122 53
131 48 131 57
184 90 188 82
83 58 87 66
141 51 145 43
87 41 83 49
195 67 190 60
136 80 139 72
197 77 195 69
140 88 138 80
34 72 42 74
103 34 111 36
51 43 55 36
150 83 154 90
124 80 128 73
122 105 120 112
33 4 26 2
15 74 22 76
70 84 63 82
77 71 82 76
136 82 136 89
100 27 107 27
21 10 27 7
55 23 52 17
126 38 129 44
18 16 15 22
122 104 116 101
36 67 42 68
168 108 162 107
9 28 9 34
178 130 183 127
178 94 183 91
77 73 79 78
198 62 203 64
61 81 56 80
122 52 121 47
59 90 64 91
97 104 102 105
148 112 143 111
151 124 156 125
39 49 34 49
82 51 82 56
84 34 80 37
8 40 6 44
193 93 191 97
61 15 63 19
61 79 63 75
20 20 23 17
182 57 186 58
125 104 129 105
122 113 126 114
68 93 72 94
123 101 124 97
179 105 183 105
32 61 36 61
35 11 39 11
67 37 67 33
44 67 48 67
81 26 83 23
119 63 117 66
91 69 88 67
19 54 16 52
135 69 136 66
119 112 116 111
159 48 162 49
17 65 14 64
91 87 94 88
110 83 113 82
73 55 73 52
21 59 23 60
121 82 123 81
114 38 112 37
184 64 185 66
178 108 176 109
145 60 146 58
109 28 107 28
100 34 102 34
31 6 29 6
130 46 130 48
105 73 106 72
127 71 126 72
141 52 140 53
16 15 17 14
59 13 58 12
172 58 171 57
124 37 125 38
188 81 189 80
61 16 60 15
157 61 156 62
167 96 166 96
97 28 96 28
130 68 130 67
19 56 19 57
131 64 131 63
74 66 74 65
68 48 68 49
74 49 74 50
73 62 73 61
138 78 138 77
31 60 32 60
115 81 115 81
115 81 115 81
115 81 115 81
115 81 115 81
115 81 115 81
115 81 115 81
115 81 115 81
83 50 83 50
154 105 154 105
161 58 161 58
125 36 125 36
83 81 83 81
189 74 189 74
74 45 74 45
148 57 148 57
137 75 137 75
66 23 66 23
66 37 66 37
60 60 60 60
9 38 9 38
182 53 182 53
183 64 183 64
88 81 88 81
154 89 154 89
51 17 51 17
19 14 19 14
45 12 45 12
15 17 15 17
90 82 90 82
181 107 181 107
115 101 115 101
75 69 75 69
141 90 141 90
80 75 80 75
41 12 41 12
161 51 161 51
46 59 46 59
76 67 76 67
95 72 95 72
19 40 19 40
140 87 140 87
83 57 83 57
188 59 188 59
64 21 64 21
186 68 186 68
67 26 67 26
128 69 128 69
10 40 10 40
138 92 138 92
10 28 10 28
92 83 92 83
115 81 115 81
121 34 121 34
12 19 12 19
172 107 172 107
115 81 115 81
86 80 86 80
88 40 88 40
151 87 151 87
115 81 115 81
143 95 143 95
115 81 115 81
115 81 115 81
115 81 115 81
115 81 115 81
115 81 115 81
115 81 115 81
115 81 115 81
115 81 115 81
115 81 115 81
115 81 115 81
115 81 115 81
115 81 115 81
115 81 115 81
115 81 115 81
115 81 115 81
115 81 115 81
115 81 115 81
115 81 115 81
115 81 115 81
115 81 115 81
115 81 115 81
115 81 115 81
115 81 115 81
115 81 115 81
115 81 115 81
115 81 115 81
115 81 115 81
115 81 115 81
115 81 115 81
