183 174
202
72 80 143 115
91 89 91 147
43 66 1 44
156 108 177 90
45 67 68 78
102 153 122 164
152 44 168 57
39 118 57 128
90 146 73 137
133 42 116 50
123 165 139 173
16 14 29 3
15 14 15 31
60 34 60 51
148 104 131 104
45 30 61 25
20 26 36 30
66 13 53 3
61 33 74 23
34 115 20 107
16 36 2 43
58 129 72 136
114 96 128 103
76 51 62 44
168 148 157 159
109 87 109 72
61 67 61 52
24 53 38 56
91 52 105 49
159 74 145 77
146 169 156 159
93 88 104 80
134 62 122 56
53 15 40 18
101 23 88 20
73 77 86 79
114 34 114 47
110 72 110 59
45 101 45 88
19 106 8 100
27 16 39 18
97 78 108 73
44 75 44 87
35 1 47 1
46 114 46 102
148 63 136 63
146 116 155 109
127 75 138 77
95 38 105 33
161 98 151 103
168 64 168 75
134 42 145 42
82 39 93 39
48 63 57 57
116 69 125 74
76 22 86 20
80 52 90 52
181 84 172 80
180 106 179 115
177 126 176 135
167 80 166 89
2 60 3 69
6 90 7 99
111 55 111 64
72 76 64 72
101 152 93 148
79 38 71 34
158 58 150 62
106 48 113 43
162 97 166 90
66 16 67 24
182 93 181 101
51 55 43 56
5 83 4 75
110 91 110 83
169 67 169 59
167 68 161 73
174 143 176 136
70 25 69 32
95 78 88 79
43 67 43 74
1 50 1 57
17 44 20 50
106 31 103 25
53 54 59 52
122 48 121 54
159 57 160 51
178 124 178 118
14 23 14 17
47 115 47 121
108 29 113 32
173 144 169 148
141 173 145 169
48 2 53 4
151 44 146 43
6 89 5 84
62 24 65 20
25 14 22 10
43 30 38 30
115 42 115 37
112 54 116 51
114 68 112 64
111 91 113 95
182 86 179 89
4 74 3 70
16 38 17 42
139 77 143 77
57 7 57 11
62 68 64 71
63 44 61 41
53 14 56 12
64 12 66 15
44 65 47 63
18 25 16 22
35 116 38 117
180 105 181 102
42 56 39 56
167 79 167 76
80 51 77 51
31 2 34 2
16 35 16 32
23 7 25 5
112 32 113 34
167 57 168 59
71 79 69 78
21 51 23 52
104 33 105 31
19 10 20 9
61 24 62 23
157 58 158 57
112 43 113 42
145 119 146 118
167 67 166 68
113 54 112 55
122 55 123 56
66 28 67 27
161 72 160 73
159 51 159 50
81 38 80 38
26 15 27 15
47 29 46 29
182 92 182 91
2 59 2 58
179 116 179 117
87 79 87 79
87 79 87 79
87 79 87 79
127 60 127 60
127 60 127 60
127 60 127 60
127 60 127 60
127 60 127 60
127 60 127 60
127 60 127 60
127 60 127 60
127 60 127 60
127 60 127 60
127 60 127 60
127 60 127 60
127 60 127 60
127 60 127 60
127 60 127 60
127 60 127 60
127 60 127 60
127 60 127 60
127 60 127 60
127 60 127 60
145 118 145 118
145 118 145 118
145 118 145 118
121 73 121 73
16 23 16 23
105 48 105 48
145 118 145 118
75 23 75 23
21 26 21 26
51 2 51 2
109 47 109 47
61 34 61 34
162 73 162 73
69 49 69 49
127 60 127 60
67 25 67 25
121 49 121 49
30 3 30 3
127 60 127 60
102 36 102 36
99 23 99 23
135 62 135 62
127 60 127 60
51 29 51 29
56 6 56 6
16 15 16 15
115 68 115 68
132 43 132 43
67 48 67 48
54 28 54 28
127 60 127 60
125 59 125 59
19 25 19 25
31 30 31 30
129 61 129 61
