198 66
176
128 1 30 1
129 1 197 1
2 63 2 1
67 2 67 63
132 63 132 2
3 1 29 1
148 11 140 27
9 12 25 4
105 4 121 12
51 10 59 26
51 56 59 41
175 62 189 55
24 62 10 55
106 62 120 55
147 54 140 41
50 11 37 4
87 60 101 63
161 5 149 11
85 47 97 53
190 36 184 48
191 53 197 41
82 10 94 4
43 48 49 36
71 26 77 14
191 13 197 25
97 13 85 19
25 62 38 62
153 22 163 14
71 41 77 52
161 62 150 56
14 47 9 36
155 47 150 36
173 13 184 18
62 27 62 39
1 39 1 27
163 4 175 4
129 27 129 39
43 60 52 53
143 50 138 40
56 15 61 25
114 19 119 29
114 47 119 37
183 48 173 53
113 48 103 53
185 20 190 30
44 20 49 30
42 48 32 53
167 53 157 48
16 48 26 53
14 20 9 30
123 15 128 25
123 51 128 41
187 10 177 5
163 62 174 62
140 28 140 39
80 28 80 39
4 47 11 55
61 42 56 51
28 13 38 15
152 24 150 34
99 13 109 15
86 59 78 53
70 28 70 38
26 4 35 4
7 15 3 23
24 14 16 18
144 52 151 56
60 37 60 29
103 4 95 4
145 14 140 20
84 20 81 27
81 39 84 46
164 14 171 13
105 62 98 62
138 28 139 23
121 53 117 56
139 36 139 31
118 11 122 14
43 18 39 16
120 34 119 30
49 35 49 31
102 53 98 53
27 53 31 53
172 53 168 53
190 31 190 35
9 35 9 31
8 14 11 12
49 11 52 13
110 16 113 18
78 13 81 11
137 36 138 39
3 43 4 46
32 63 29 63
137 30 137 33
27 13 25 14
148 12 150 11
188 11 190 12
144 51 146 51
71 27 71 29
40 61 38 61
170 63 168 63
71 37 71 39
59 39 59 37
59 27 59 29
128 28 128 26
153 23 154 22
55 52 54 53
49 57 50 57
119 36 119 35
128 38 128 39
175 5 176 5
55 14 55 14
188 55 188 55
112 6 112 6
151 37 151 37
140 21 140 21
191 14 191 14
156 6 156 6
148 55 148 55
57 47 57 47
195 48 195 48
14 8 14 8
161 61 161 61
89 5 89 5
106 5 106 5
141 41 141 41
116 8 116 8
172 13 172 13
172 13 172 13
172 13 172 13
172 13 172 13
172 13 172 13
172 13 172 13
172 13 172 13
172 13 172 13
172 13 172 13
172 13 172 13
172 13 172 13
172 13 172 13
172 13 172 13
172 13 172 13
172 13 172 13
172 13 172 13
172 13 172 13
172 13 172 13
172 13 172 13
172 13 172 13
172 13 172 13
172 13 172 13
172 13 172 13
172 13 172 13
172 13 172 13
172 13 172 13
172 13 172 13
172 13 172 13
172 13 172 13
172 13 172 13
172 13 172 13
172 13 172 13
184 19 184 19
49 9 49 9
189 41 189 41
42 60 42 60
141 26 141 26
93 5 93 5
172 13 172 13
87 6 87 6
190 54 190 54
45 7 45 7
172 13 172 13
18 6 18 6
85 20 85 20
20 5 20 5
172 13 172 13
197 26 197 26
15 47 15 47
