195 170
259
87 35 51 80
185 122 154 169
58 107 103 137
132 134 92 107
133 78 112 106
91 107 64 89
13 55 40 73
187 115 169 141
133 134 158 151
140 162 117 146
34 90 56 105
33 89 13 76
13 26 18 47
125 53 125 72
102 41 118 51
185 121 193 106
183 106 176 121
126 107 136 120
55 101 52 85
91 34 77 41
20 10 13 24
48 50 62 43
63 8 49 1
177 80 184 94
67 64 74 78
64 9 71 22
168 142 160 154
116 145 104 137
22 7 35 1
161 70 147 70
146 69 134 76
13 32 4 42
89 98 77 92
116 41 104 35
70 29 64 41
139 81 151 75
158 75 170 81
21 44 33 50
174 119 162 125
117 80 105 86
76 80 88 86
126 89 123 102
158 113 145 110
75 24 86 31
154 74 165 81
147 125 160 125
158 135 145 135
90 87 103 87
76 42 68 52
48 37 58 29
129 125 139 133
75 90 69 79
172 127 162 134
12 55 2 48
53 82 63 89
38 64 50 64
4 56 8 67
151 169 141 163
107 41 96 38
126 86 133 77
119 78 124 68
101 74 111 69
82 69 92 74
27 33 37 38
25 58 35 63
123 113 128 123
82 44 77 54
172 76 162 71
170 107 175 97
140 106 135 96
22 16 22 27
137 63 128 57
41 73 50 79
31 6 41 4
183 93 175 87
126 66 126 56
36 51 46 51
106 115 112 107
169 108 160 112
77 59 81 68
112 68 116 59
175 91 171 82
53 7 44 4
186 94 194 99
69 49 67 58
86 41 95 39
92 99 101 99
105 126 105 117
104 136 104 127
146 124 138 120
135 90 139 82
56 10 60 18
23 15 28 8
118 42 123 49
103 98 111 95
66 54 60 60
113 94 119 88
72 39 70 47
114 49 116 57
40 38 48 36
93 34 101 34
4 55 1 48
8 68 11 75
60 22 57 29
20 43 16 37
68 69 69 76
184 103 184 96
93 74 100 74
140 68 136 73
108 42 113 46
57 61 51 63
123 80 121 86
71 37 71 31
156 69 150 69
70 28 70 22
20 50 23 55
26 32 23 27
171 85 166 82
119 52 124 55
124 101 126 106
122 106 123 111
68 60 68 65
145 68 141 66
96 37 92 35
149 71 153 73
119 77 116 80
85 42 82 45
175 118 178 115
77 80 74 77
175 92 175 96
124 77 124 73
135 91 135 95
1 46 3 43
175 123 173 126
24 7 21 9
144 109 141 107
134 117 137 119
176 79 173 77
141 133 144 134
52 84 51 81
15 17 16 14
124 53 123 50
40 1 37 1
77 55 77 58
22 44 20 42
72 22 74 23
56 3 58 4
61 43 63 42
13 25 14 23
55 102 56 104
125 99 125 101
68 73 70 73
103 35 101 35
23 16 23 14
60 21 60 19
34 50 36 50
183 105 183 103
123 105 123 103
154 75 152 75
45 1 47 1
77 91 76 90
54 8 55 9
30 7 29 8
24 56 25 57
138 63 139 64
124 93 124 92
159 134 160 134
18 45 18 44
90 86 89 86
42 4 43 4
194 104 194 105
46 50 47 50
39 38 38 38
100 40 101 40
67 62 67 61
103 86 104 86
173 119 173 119
173 119 173 119
173 119 173 119
173 119 173 119
173 119 173 119
173 119 173 119
173 119 173 119
173 119 173 119
173 119 173 119
173 119 173 119
173 119 173 119
173 119 173 119
173 119 173 119
179 113 179 113
179 113 179 113
179 113 179 113
179 113 179 113
179 113 179 113
179 113 179 113
179 113 179 113
179 113 179 113
179 113 179 113
179 113 179 113
179 113 179 113
179 113 179 113
179 113 179 113
179 113 179 113
179 113 179 113
179 113 179 113
179 113 179 113
179 113 179 113
179 113 179 113
179 113 179 113
129 124 129 124
129 124 129 124
113 47 113 47
69 30 69 30
123 73 123 73
53 49 53 49
19 48 19 48
173 104 173 104
179 113 179 113
111 68 111 68
161 71 161 71
69 16 69 16
179 113 179 113
59 46 59 46
174 102 174 102
140 81 140 81
82 37 82 37
64 10 64 10
109 36 109 36
69 20 69 20
179 113 179 113
66 55 66 55
139 72 139 72
144 77 144 77
179 113 179 113
116 52 116 52
79 81 79 81
115 64 115 64
179 113 179 113
60 5 60 5
147 124 147 124
26 48 26 48
59 60 59 60
182 87 182 87
73 75 73 75
145 71 145 71
173 119 173 119
83 43 83 43
114 81 114 81
120 75 120 75
173 119 173 119
89 33 89 33
68 14 68 14
167 110 167 110
173 119 173 119
128 82 128 82
173 119 173 119
173 119 173 119
173 119 173 119
173 119 173 119
