197 165
253
65 18 118 54
37 1 2 48
64 70 89 36
120 133 149 153
15 60 41 78
143 71 169 88
170 89 195 106
49 93 26 77
64 17 41 2
141 69 119 54
75 111 57 97
191 117 179 134
97 117 80 105
99 128 83 116
124 116 128 98
123 91 127 73
177 132 161 141
168 150 178 135
137 154 123 144
68 21 72 37
144 83 131 93
64 71 54 84
66 50 53 60
90 100 106 100
149 140 135 133
158 143 172 136
151 164 139 155
139 77 130 89
72 100 60 91
121 102 130 90
11 65 2 53
109 134 121 143
178 131 184 118
185 112 182 98
28 59 42 62
57 67 68 58
69 80 69 66
120 104 112 115
14 41 20 53
50 7 62 13
55 17 61 29
38 50 26 44
20 16 14 28
163 83 175 89
39 12 27 18
25 76 14 69
161 161 150 154
3 52 14 59
42 79 53 86
108 125 119 132
127 128 135 138
109 53 117 63
120 53 126 64
133 131 127 120
118 68 115 80
73 43 70 55
136 112 141 123
39 69 51 69
90 44 102 44
145 143 157 143
139 98 148 91
79 77 86 86
24 22 21 33
73 91 80 100
164 128 173 121
44 12 54 17
27 63 37 68
70 80 75 90
89 99 79 94
94 51 84 56
107 99 117 94
78 67 83 57
54 45 44 50
107 45 117 50
162 129 151 129
61 31 58 41
108 104 117 99
98 89 108 87
96 50 106 52
103 106 93 106
150 140 160 140
164 91 172 97
38 6 48 6
21 15 29 9
176 115 176 105
151 90 161 90
148 82 158 82
57 96 53 87
98 118 106 123
162 159 167 151
43 62 52 60
69 44 71 35
88 87 97 89
89 45 81 49
123 86 118 93
24 41 22 33
196 109 192 116
106 124 105 132
88 104 81 100
94 101 102 101
126 110 126 118
76 111 82 116
176 90 181 96
21 53 27 58
136 106 139 99
150 128 143 125
50 94 56 98
79 104 73 100
118 98 122 92
109 86 114 81
172 98 175 104
22 57 26 62
63 14 67 19
78 74 78 68
127 72 127 66
108 121 111 116
136 138 141 141
95 43 100 43
55 88 59 91
156 164 160 161
175 116 173 120
127 127 125 123
73 57 75 53
66 49 68 45
103 131 100 128
139 76 142 73
120 54 117 51
133 130 136 133
13 35 13 39
124 117 124 121
136 107 136 111
43 50 39 50
129 97 131 94
73 90 71 87
73 41 72 38
117 64 118 67
33 8 36 7
14 29 13 32
154 141 157 141
148 83 145 83
40 12 43 12
78 93 76 91
55 44 57 42
25 42 27 44
11 66 13 67
107 53 109 54
71 62 70 64
26 19 25 21
184 117 185 115
115 59 115 61
124 111 124 109
165 127 167 127
68 73 68 71
90 105 92 105
104 105 106 105
54 68 52 68
162 83 161 82
60 56 61 55
86 85 87 86
107 133 108 134
177 131 176 132
143 124 142 123
119 52 118 51
1 51 2 52
69 56 68 57
21 16 20 17
14 39 14 40
125 86 125 87
125 106 125 107
143 142 144 142
127 79 127 78
162 91 163 91
150 91 149 91
79 76 79 75
60 37 60 37
60 37 60 37
60 37 60 37
60 37 60 37
60 37 60 37
60 37 60 37
60 37 60 37
60 37 60 37
60 37 60 37
60 37 60 37
60 37 60 37
60 37 60 37
60 37 60 37
60 37 60 37
60 37 60 37
60 37 60 37
60 37 60 37
60 37 60 37
60 37 60 37
60 37 60 37
60 37 60 37
60 37 60 37
60 37 60 37
60 37 60 37
60 37 60 37
60 37 60 37
60 37 60 37
60 37 60 37
60 37 60 37
60 37 60 37
60 37 60 37
60 37 60 37
60 37 60 37
20 52 20 52
126 82 126 82
47 62 47 62
27 11 27 11
68 22 68 22
138 119 138 119
60 37 60 37
95 51 95 51
30 9 30 9
161 162 161 162
60 37 60 37
142 85 142 85
144 93 144 93
21 55 21 55
60 37 60 37
81 81 81 81
56 42 56 42
15 46 15 46
60 28 60 28
29 47 29 47
123 56 123 56
71 34 71 34
60 37 60 37
38 68 38 68
50 61 50 61
124 84 124 84
60 37 60 37
33 61 33 61
126 103 126 103
148 139 148 139
60 37 60 37
125 113 125 113
163 128 163 128
113 83 113 83
61 30 61 30
70 24 70 24
111 85 111 85
176 91 176 91
60 37 60 37
55 18 55 18
71 28 71 28
152 164 152 164
60 37 60 37
28 18 28 18
26 58 26 58
185 107 185 107
