198 116
266
6 41 1 68
6 24 11 47
197 39 192 60
73 39 73 19
139 38 143 21
101 5 86 13
4 77 8 93
40 1 24 5
134 50 134 34
133 67 133 51
94 51 80 44
190 18 176 11
184 17 170 10
122 62 108 69
109 51 123 44
80 13 94 6
130 23 130 38
43 70 58 70
12 68 27 68
34 47 48 44
145 45 156 54
132 73 130 87
124 22 110 22
123 112 137 112
77 107 63 107
95 20 81 20
42 69 28 69
64 26 57 38
147 17 159 11
179 56 191 50
49 27 37 33
12 11 6 23
17 58 29 64
167 43 155 37
146 67 158 73
29 33 17 27
187 68 175 74
45 2 57 8
15 16 21 4
51 62 38 65
103 5 116 8
96 21 109 21
138 113 151 113
35 105 48 105
166 115 179 115
173 74 160 74
165 114 152 114
49 106 62 106
34 104 21 104
117 9 127 17
24 46 13 40
196 85 193 97
191 102 188 114
22 4 34 1
106 38 117 33
126 76 138 76
163 78 151 78
100 73 88 73
164 79 176 79
113 74 101 74
157 54 168 57
112 9 101 6
63 19 58 9
84 64 94 69
123 61 128 51
143 63 138 53
97 38 87 33
197 30 192 20
50 8 40 3
114 75 125 75
139 77 150 77
76 72 87 72
188 80 177 80
100 109 89 109
67 89 67 78
129 94 129 105
172 43 182 41
135 33 135 23
65 46 65 36
97 52 107 52
111 110 101 110
173 12 163 12
122 111 112 111
88 108 78 108
129 49 129 39
57 37 49 43
74 50 74 40
68 90 68 100
82 23 86 32
190 29 186 38
64 48 59 56
153 19 160 13
53 16 51 25
71 34 70 43
69 49 68 58
66 68 66 77
117 13 121 21
125 42 129 34
186 19 190 27
117 32 121 24
74 34 78 42
79 60 75 52
74 23 78 15
11 102 9 94
103 70 95 69
15 56 11 49
138 52 138 44
64 35 64 27
20 103 12 103
13 10 19 5
144 44 141 37
151 29 154 36
1 69 3 76
191 61 187 67
53 61 58 56
152 20 151 27
26 46 33 47
98 38 105 38
11 67 4 67
15 17 15 24
161 10 168 10
125 23 132 23
50 9 53 15
30 64 36 65
195 81 189 81
36 33 30 33
65 71 59 71
139 45 139 39
176 57 170 57
72 25 72 31
67 61 67 67
75 71 69 71
129 22 126 17
12 39 9 34
86 14 83 19
192 49 195 45
63 25 63 20
130 93 130 88
69 101 69 106
128 106 128 111
95 6 99 5
70 44 69 48
132 68 132 72
113 10 116 12
16 24 18 27
83 63 80 61
23 6 20 8
146 18 144 21
171 43 168 43
192 98 192 101
77 19 80 19
183 40 185 38
56 8 58 10
189 18 191 20
78 16 79 14
145 66 144 64
104 70 106 69
42 2 44 2
95 51 97 51
103 6 105 6
197 82 197 84
39 3 37 3
99 7 101 7
119 48 120 47
14 10 15 9
156 37 155 36
119 11 120 10
16 56 17 57
176 56 177 56
68 59 68 60
160 11 161 11
41 1 42 1
140 35 141 35
82 21 82 22
50 26 50 25
107 51 108 51
162 13 161 13
71 32 71 33
159 73 159 73
159 73 159 73
159 73 159 73
159 73 159 73
159 73 159 73
159 73 159 73
159 73 159 73
159 73 159 73
159 73 159 73
159 73 159 73
159 73 159 73
159 73 159 73
159 73 159 73
159 73 159 73
159 73 159 73
159 73 159 73
159 73 159 73
159 73 159 73
159 73 159 73
116 9 116 9
144 20 144 20
185 14 185 14
93 7 93 7
22 31 22 31
25 5 25 5
53 41 53 41
185 18 185 18
70 18 70 18
81 13 81 13
173 10 173 10
117 14 117 14
125 41 125 41
8 16 8 16
125 16 125 16
191 19 191 19
74 33 74 33
121 23 121 23
49 8 49 8
14 40 14 40
188 53 188 53
150 14 150 14
74 24 74 24
87 32 87 32
35 1 35 1
190 28 190 28
190 50 190 50
152 13 152 13
151 22 151 22
7 22 7 22
9 14 9 14
83 10 83 10
84 30 84 30
124 43 124 43
89 50 89 50
183 13 183 13
159 73 159 73
193 54 193 54
56 59 56 59
131 77 131 77
159 73 159 73
192 58 192 58
154 12 154 12
42 32 42 32
143 23 143 23
78 41 78 41
129 24 129 24
85 48 85 48
159 73 159 73
141 25 141 25
85 9 85 9
121 11 121 11
159 73 159 73
20 30 20 30
64 47 64 47
91 9 91 9
159 73 159 73
114 50 114 50
159 73 159 73
159 73 159 73
159 73 159 73
159 73 159 73
159 73 159 73
159 73 159 73
159 73 159 73
159 73 159 73
159 73 159 73
159 73 159 73
159 73 159 73
