111 194
207
6 181 68 193
82 101 72 126
84 137 84 111
80 159 73 180
33 63 15 75
32 98 53 98
93 74 86 92
87 141 93 123
9 109 1 125
67 70 51 62
51 59 35 51
88 41 74 30
52 13 66 2
76 28 59 24
97 106 97 89
73 95 73 112
102 99 107 83
88 59 88 75
108 59 108 75
109 42 109 58
98 88 98 72
85 94 85 110
37 39 50 30
105 44 99 58
89 43 89 58
36 126 51 126
89 2 101 11
71 87 84 80
29 128 43 130
83 138 83 152
97 113 101 100
85 53 73 59
100 21 88 27
56 97 68 91
63 47 76 44
98 61 93 73
36 84 49 84
56 60 69 60
14 90 14 103
18 91 29 97
110 32 105 43
99 59 99 71
90 52 100 46
71 73 74 84
54 46 44 41
61 78 51 83
30 124 20 119
102 34 102 23
56 28 67 28
69 191 72 181
96 112 94 122
36 40 34 50
5 165 5 175
4 164 4 154
2 132 2 142
3 143 3 153
52 14 52 24
73 16 83 16
85 15 94 11
34 83 25 79
101 12 103 21
15 76 13 85
52 132 61 133
17 126 26 127
47 99 38 99
101 35 101 44
19 118 15 110
62 11 70 15
14 125 6 124
87 27 79 28
81 36 77 43
42 61 50 62
60 123 67 119
86 142 84 149
74 87 74 94
42 62 35 62
13 102 10 108
53 19 58 23
71 127 69 133
58 124 52 125
24 77 23 71
62 77 63 71
14 83 13 89
110 35 110 41
107 82 107 76
72 114 68 118
43 36 45 41
82 153 81 158
83 1 88 2
73 30 68 29
15 104 15 109
50 131 45 131
66 70 70 73
57 47 62 47
1 126 1 131
37 51 35 47
67 2 71 1
84 96 83 100
6 180 6 176
56 29 52 29
96 107 96 111
68 59 72 59
87 76 85 79
15 87 17 90
31 124 34 125
65 134 62 133
87 52 88 49
61 10 61 7
94 10 94 7
37 40 39 38
69 90 71 88
45 34 44 36
63 70 62 68
16 76 17 74
53 17 54 19
3 123 5 124
102 18 101 20
54 12 53 14
72 85 73 83
30 64 32 64
35 53 35 55
52 59 54 59
53 97 55 97
27 127 28 128
22 69 21 70
91 4 90 3
100 45 99 46
85 37 86 38
15 125 16 126
71 75 70 74
27 66 28 65
25 69 24 70
74 80 74 81
34 44 34 45
71 15 72 15
34 63 35 63
69 137 68 137
56 46 55 46
32 97 31 97
77 28 78 28
72 113 72 112
103 16 103 15
52 30 51 30
50 83 50 83
50 83 50 83
50 83 50 83
50 83 50 83
50 83 50 83
50 83 50 83
50 83 50 83
50 83 50 83
50 83 50 83
50 83 50 83
50 83 50 83
50 83 50 83
50 83 50 83
50 83 50 83
50 83 50 83
50 83 50 83
50 83 50 83
50 83 50 83
50 83 50 83
50 83 50 83
50 83 50 83
50 83 50 83
50 83 50 83
50 83 50 83
50 83 50 83
50 83 50 83
50 83 50 83
50 83 50 83
50 83 50 83
50 83 50 83
50 83 50 83
50 83 50 83
50 83 50 83
50 83 50 83
50 83 50 83
50 83 50 83
84 15 84 15
93 26 93 26
50 83 50 83
50 58 50 58
73 77 73 77
67 91 67 91
50 83 50 83
100 11 100 11
38 52 38 52
57 8 57 8
50 83 50 83
72 29 72 29
63 26 63 26
19 91 19 91
76 43 76 43
73 27 73 27
42 56 42 56
80 40 80 40
50 83 50 83
80 36 80 36
82 27 82 27
23 76 23 76
50 83 50 83
74 58 74 58
17 89 17 89
82 56 82 56
50 83 50 83
57 96 57 96
