204 129
250
37 41 121 20
16 108 78 93
144 76 203 61
138 78 81 92
84 114 138 101
82 115 28 128
65 41 77 90
143 99 192 87
10 94 3 62
3 49 34 42
192 86 203 62
6 67 17 89
13 109 23 128
132 46 126 26
73 35 73 55
196 28 190 47
132 47 138 65
145 43 137 27
28 86 13 79
65 62 57 76
201 53 196 38
186 10 191 25
138 23 145 9
138 96 141 81
62 47 65 61
79 71 90 79
28 33 16 39
124 60 130 48
175 52 187 46
195 23 189 11
148 46 160 52
171 40 183 34
123 72 129 60
172 64 184 58
54 79 42 85
158 2 146 8
50 35 37 32
95 69 108 69
92 68 81 62
5 61 8 49
171 5 182 10
145 59 156 64
66 76 66 64
160 1 172 1
31 97 43 97
158 65 170 65
95 56 107 56
88 19 79 26
50 65 41 72
10 95 13 106
110 68 120 63
121 36 116 26
153 10 163 5
20 42 30 37
74 50 79 60
29 96 19 91
29 86 40 86
107 21 96 21
53 60 53 49
38 73 27 73
138 50 145 58
167 40 157 37
177 3 186 8
60 87 65 78
112 18 102 16
148 20 150 30
93 22 85 28
51 94 59 88
83 45 89 53
117 50 121 41
46 40 52 47
91 18 100 16
165 53 174 52
79 100 80 109
137 31 136 40
97 81 106 81
72 40 72 49
82 43 82 34
183 12 187 20
14 59 18 67
9 47 14 40
195 35 192 27
138 66 141 74
124 20 132 18
3 61 1 53
61 47 57 40
31 37 39 37
189 51 184 57
115 52 108 55
187 26 184 33
25 72 19 68
156 36 151 31
120 22 125 27
14 51 14 58
95 55 89 52
149 18 152 12
76 64 79 70
137 47 136 41
74 56 75 62
129 53 129 59
130 41 130 47
195 30 195 24
164 5 170 5
115 78 120 75
113 79 108 80
53 38 57 41
191 41 188 45
31 32 36 32
78 27 75 31
126 25 124 21
52 60 50 64
113 24 116 27
121 62 124 59
79 59 82 62
130 37 129 33
6 66 5 62
202 54 203 58
81 114 80 110
45 96 49 95
79 99 78 95
187 25 187 21
138 28 138 24
55 78 57 75
16 47 15 50
137 100 138 97
117 20 114 19
141 13 140 16
142 77 139 78
74 33 74 36
40 38 43 38
121 37 121 40
172 2 175 2
95 80 92 80
64 37 64 40
162 52 165 52
11 76 13 78
17 45 19 43
120 74 122 73
83 33 84 31
137 30 139 30
63 63 65 63
172 53 170 53
110 22 108 22
142 100 140 100
64 61 64 59
189 48 189 50
170 40 168 40
196 27 196 25
18 83 17 82
123 26 124 25
36 41 35 42
194 37 195 36
147 45 146 44
153 11 154 10
115 51 116 50
14 41 15 40
187 9 188 10
19 90 18 89
126 29 127 28
39 72 40 72
95 68 94 68
27 72 26 72
52 49 52 48
136 34 136 35
94 22 95 22
133 17 134 17
40 85 41 85
185 8 185 9
50 36 51 36
30 33 31 33
109 68 108 68
78 94 78 94
78 94 78 94
78 94 78 94
78 94 78 94
78 94 78 94
78 94 78 94
78 94 78 94
78 94 78 94
78 94 78 94
78 94 78 94
78 94 78 94
78 94 78 94
78 94 78 94
78 94 78 94
78 94 78 94
78 94 78 94
78 94 78 94
78 94 78 94
78 94 78 94
78 94 78 94
78 94 78 94
78 94 78 94
78 94 78 94
78 94 78 94
78 94 78 94
78 94 78 94
78 94 78 94
78 94 78 94
78 94 78 94
61 45 61 45
138 49 138 49
138 49 138 49
5 65 5 65
180 37 180 37
45 40 45 40
49 65 49 65
191 42 191 42
99 17 99 17
23 85 23 85
83 31 83 31
83 44 83 44
63 36 63 36
160 2 160 2
21 84 21 84
184 49 184 49
128 55 128 55
78 94 78 94
192 14 192 14
139 18 139 18
192 39 192 39
78 94 78 94
21 91 21 91
62 69 62 69
159 37 159 37
89 19 89 19
184 5 184 5
46 33 46 33
164 53 164 53
78 94 78 94
141 38 141 38
149 46 149 46
154 35 154 35
78 94 78 94
193 16 193 16
139 34 139 34
178 38 178 38
78 94 78 94
129 49 129 49
140 36 140 36
43 39 43 39
7 68 7 68
186 46 186 46
120 31 120 31
75 55 75 55
78 94 78 94
119 22 119 22
80 61 80 61
6 63 6 63
110 17 110 17
